0.20939631015062332
0.0023370583076030016
0.002260032342746854
0.0021922821179032326
0.002136850729584694
0.002095878589898348
0.002070208080112934
0.002060842467471957
0.0020682199392467737
0.0020920936949551105
0.0021326339337974787
0.0021885826718062162
0.00225925468839705
0.0023437542840838432
0.002438661642372608
0.0025510238483548164
0.0026729635428637266
0.002806959906592965
0.0029533887282013893
0.0031126115936785936
0.0032867249101400375
0.0034762017894536257
0.0036831586621701717
0.003909774590283632
0.004158203490078449
0.004432889632880688
0.004736201371997595
0.005068151280283928
0.005448286421597004
0.005868466105312109
0.0063430918380618095
0.0068800188601017
0.007492048665881157
0.008194553665816784
0.00900611188262701
0.009955288842320442
0.011072661727666855
0.012404216453433037
0.014011581428349018
0.015979189425706863
0.01843716949224472
0.02154436893761158
0.025648947805166245
0.03116045705974102
0.0389007069170475
0.05036098510026932
0.06865998357534409
0.10123922675848007
0.17087557911872864
0.3879382610321045
20.005069732666016
