1404.3591375350952
0.11095628142356873
0.10739894211292267
0.10373353213071823
0.10080362856388092
0.09780064225196838
0.09480785578489304
0.09169090539216995
0.08942782133817673
0.08680683374404907
0.084434874355793
0.08174029737710953
0.07979627698659897
0.07772321999073029
0.07560506463050842
0.07342506945133209
0.07174278050661087
0.0699223130941391
0.06797836720943451
0.06648574024438858
0.06492340564727783
0.06330998241901398
0.06157957389950752
0.06040937453508377
0.05896211415529251
0.057613030076026917
0.056141700595617294
0.05505639687180519
0.05388407036662102
0.05266552418470383
0.05133719742298126
0.050474897027015686
0.04937027394771576
0.04837499186396599
0.04716458171606064
0.04638027772307396
0.04548047110438347
0.04436659812927246
0.043693266808986664
0.042803362011909485
0.04197075590491295
0.04104548692703247
0.040390484035015106
0.039663318544626236
0.0388932041823864
0.038029059767723083
0.03750885650515556
0.03680343180894852
0.03614405542612076
0.035393115133047104
0.03487971052527428
