0.00635371442331234
0.00027826798032037914
0.00029028355493210256
0.00030301103834062815
0.00031635267077945173
0.0003308268787804991
0.0003460526932030916
0.000362253631465137
0.00037951383274048567
0.00039773271419107914
0.0004175882204435766
0.00043863218161277473
0.00046117929741740227
0.0004853774153161794
0.0005111402133479714
0.0005393921746872365
0.0005696194712072611
0.0006022996385581791
0.0006377084646373987
0.0006758265662938356
0.0007179934764280915
0.0007636696682311594
0.0008136551477946341
0.0008685164502821863
0.0009284625994041562
0.0009956222493201494
0.001069615944288671
0.0011519902618601918
0.0012440911959856749
0.0013468809193000197
0.0014643131289631128
0.0015969586092978716
0.0017485262360423803
0.0019229173194617033
0.0021240587811917067
0.002361506689339876
0.0026408263947814703
0.0029744452331215143
0.0033780764788389206
0.0038717826828360558
0.004492976702749729
0.00528365932404995
0.0063189673237502575
0.007718250155448914
0.009687508456408978
0.012604160234332085
0.017282353714108467
0.025621844455599785
0.04348570108413696
0.0993107259273529
6.329333305358887
