18578.503056526184
2.9624361991882324
3.012976884841919
3.0663487911224365
3.1267566680908203
3.1935102939605713
3.2620439529418945
3.3358874320983887
3.414846420288086
3.4938998222351074
3.5771214962005615
3.662285327911377
3.749997138977051
3.836726427078247
3.9249320030212402
4.014693260192871
4.101581573486328
4.189254283905029
4.276573181152344
4.3601813316345215
4.443348407745361
4.524855613708496
4.602486610412598
4.677865982055664
4.750784397125244
4.82117223739624
4.886376857757568
4.949604034423828
5.0095438957214355
5.065011978149414
5.117234706878662
5.16710901260376
5.212081432342529
5.254262447357178
5.294461250305176
5.329724311828613
5.363641738891602
5.394434928894043
5.4245429039001465
5.451035022735596
5.476893901824951
5.503278732299805
5.527628421783447
5.554178237915039
5.5827436447143555
5.614679336547852
5.652965545654297
5.701822757720947
5.77177095413208
5.8845415115356445
5.9063591957092285
