0.20304259657859802
0.002058790298178792
0.0019697488751262426
0.0018892709631472826
0.0018204981461167336
0.0017650516238063574
0.0017241555033251643
0.0016985888360068202
0.001688706106506288
0.0016943609807640314
0.001715045771561563
0.001749950461089611
0.0017980753909796476
0.0018583768978714943
0.0019275215454399586
0.002011631615459919
0.0021033440716564655
0.002204660326242447
0.0023156802635639906
0.002436785027384758
0.002568731317296624
0.002712532179430127
0.0028695035725831985
0.0030412583146244287
0.003229741007089615
0.003437267616391182
0.0036665855441242456
0.003916161134839058
0.004204194992780685
0.004521585069596767
0.004878778476268053
0.005283060483634472
0.005743522197008133
0.006271636579185724
0.00688205286860466
0.007593782152980566
0.008431835100054741
0.009429771453142166
0.010633504949510098
0.012107407674193382
0.013944193720817566
0.01626070961356163
0.0193299800157547
0.023442206904292107
0.029213199391961098
0.037756823003292084
0.05137762799859047
0.07561738044023514
0.12738987803459167
0.2886275351047516
13.675736427307129
