97290.27656078339
12.00218677520752
12.076190948486328
12.181415557861328
12.316110610961914
12.493498802185059
12.697388648986816
12.932271003723145
13.191255569458008
13.48582649230957
13.80085563659668
14.136981010437012
14.500566482543945
14.8814115524292
15.278624534606934
15.689671516418457
16.118793487548828
16.557418823242188
17.00080108642578
17.458232879638672
17.916736602783203
18.37680435180664
18.836746215820312
19.29813003540039
19.755521774291992
20.205608367919922
20.648473739624023
21.08523941040039
21.511823654174805
21.922962188720703
22.328012466430664
22.716079711914062
23.09238052368164
23.450572967529297
23.800691604614258
24.133073806762695
24.452756881713867
24.76081657409668
25.059356689453125
25.34588623046875
25.627395629882812
25.90740394592285
26.191164016723633
26.481260299682617
26.791820526123047
27.137510299682617
27.53806495666504
28.039871215820312
28.729934692382812
29.868837356567383
29.258255004882812
