186664.57722759247
9.648812294006348
9.432112693786621
9.090316772460938
8.896040916442871
8.58283805847168
8.408052444458008
8.120087623596191
7.962346076965332
7.696753978729248
7.55397367477417
7.308306694030762
7.178714752197266
6.950855255126953
6.8329362869262695
6.621057033538818
6.5135087966918945
6.31601619720459
6.217703342437744
6.033215045928955
5.943160533905029
5.770456790924072
5.687806606292725
5.525810718536377
5.449819564819336
5.297585964202881
5.227595329284668
5.084283351898193
5.019716739654541
4.884574890136719
4.824926376342773
4.6972880363464355
4.642100811004639
4.521365165710449
4.470242023468018
4.355875015258789
4.308453559875488
4.1999688148498535
4.125640869140625
4.083179950714111
3.9827072620391846
3.9432101249694824
3.8476064205169678
3.8108301162719727
3.7197539806365967
3.685478448867798
3.5986204147338867
3.5666470527648926
3.4837236404418945
3.4538724422454834
3.3746252059936523
