17.50532701611519
0.3333379626274109
0.3386629521846771
0.3446625769138336
0.3517383337020874
0.3593820333480835
0.36782920360565186
0.37750279903411865
0.3881341814994812
0.3995267152786255
0.4124784469604492
0.42664748430252075
0.44179055094718933
0.4588736593723297
0.477498859167099
0.4976482391357422
0.5196004509925842
0.5440866947174072
0.5708204507827759
0.5995590686798096
0.6317917108535767
0.6671024560928345
0.7053041458129883
0.7482612729072571
0.7956253886222839
0.8473107814788818
0.905777096748352
0.9705871343612671
1.0429470539093018
1.12473726272583
1.2169259786605835
1.3213624954223633
1.4412448406219482
1.578848123550415
1.7379525899887085
1.924647569656372
2.144571542739868
2.405819892883301
2.724640369415283
3.112888813018799
3.596513509750366
4.217691421508789
5.025313377380371
6.113102912902832
7.64963436126709
9.91702938079834
13.527083396911621
19.96181869506836
33.66484069824219
75.86164093017578
1352.9210205078125
