205.63517726957798
0.05804621800780296
0.05582105740904808
0.05422874540090561
0.052964892238378525
0.051308490335941315
0.049778878688812256
0.04866524413228035
0.0471334345638752
0.0458725169301033
0.04508490860462189
0.0435478612780571
0.042716000229120255
0.0414118766784668
0.04054707661271095
0.03968049958348274
0.038511961698532104
0.037641897797584534
0.037066612392663956
0.03594868630170822
0.03513126075267792
0.03456929326057434
0.033712200820446014
0.03291716054081917
0.03240066021680832
0.03153475746512413
0.030906056985259056
0.030515216290950775
0.029670730233192444
0.029068775475025177
0.028673727065324783
0.02802959457039833
0.02743149735033512
0.027062222361564636
0.02639685571193695
0.026141690090298653
0.02543618157505989
0.02499261498451233
0.02466866374015808
0.0241826381534338
0.02367941103875637
0.02341194823384285
0.02288517728447914
0.02248658798635006
0.02230803854763508
0.021742504090070724
0.021398471668362617
0.021155524998903275
0.02077154442667961
0.02037067525088787
0.020171167328953743
