4.0773920789361
0.170011505484581
0.17689798772335052
0.1840575933456421
0.19188596308231354
0.20005765557289124
0.2085886001586914
0.21793414652347565
0.2277325540781021
0.23800979554653168
0.24929437041282654
0.26118528842926025
0.27372288703918457
0.28753000497817993
0.3021624684333801
0.3178977966308594
0.3346254825592041
0.35314086079597473
0.3729414641857147
0.39414581656455994
0.4177345335483551
0.443167507648468
0.4706420600414276
0.5014021992683411
0.5348940491676331
0.5714568495750427
0.6127338409423828
0.6582210063934326
0.7085289359092712
0.7659522294998169
0.8302009701728821
0.9024445414543152
0.9861553907394409
1.0816956758499146
1.1915127038955688
1.3214856386184692
1.4739314317703247
1.6546306610107422
1.8753694295883179
2.1448562145233154
2.479503631591797
2.9097795486450195
3.4704740047454834
4.224170684814453
5.289968013763428
6.866061687469482
9.374039649963379
13.856485366821289
23.416305541992188
53.03800964355469
1111.4547119140625
