11059.590254306793
5.800464153289795
6.062404632568359
6.348952293395996
6.643565654754639
6.953639030456543
7.2760233879089355
7.599100589752197
7.928880214691162
8.26327133178711
8.591493606567383
8.922613143920898
9.244573593139648
9.562849998474121
9.877079010009766
10.178791046142578
10.476824760437012
10.76168441772461
11.040569305419922
11.312088012695312
11.571512222290039
11.826083183288574
12.075077056884766
12.3145112991333
12.553354263305664
12.784313201904297
13.015547752380371
13.247603416442871
13.477622032165527
13.71408462524414
13.952638626098633
14.199650764465332
14.45843505859375
14.72688102722168
15.01323413848877
15.320746421813965
15.650267601013184
16.01081085205078
16.40573501586914
16.846113204956055
17.342744827270508
17.906553268432617
18.559404373168945
19.325942993164062
20.24974250793457
21.394859313964844
22.868406295776367
24.884483337402344
27.916202545166016
33.44744110107422
62.70587921142578
