13.427934929728508
0.1633264571428299
0.1617649644613266
0.16060498356819153
0.15985235571861267
0.15932439267635345
0.15924060344696045
0.1595686376094818
0.1604016274213791
0.161516934633255
0.16318407654762268
0.1654621958732605
0.16806766390800476
0.17134365439414978
0.17533639073371887
0.179750457406044
0.18497498333454132
0.19094586372375488
0.19787900149822235
0.20541323721408844
0.21405716240406036
0.22393496334552765
0.23466207087039948
0.24685905873775482
0.2607313394546509
0.2758539021015167
0.29304322600364685
0.3123660981655121
0.3344181180000305
0.3587850034236908
0.3867250382900238
0.41891801357269287
0.4550895094871521
0.4971524477005005
0.5464398860931396
0.6031618714332581
0.6706401109695435
0.751189112663269
0.8492710590362549
0.9680324792861938
1.1170098781585693
1.307911992073059
1.5548393726348877
1.888932228088379
2.359666585922241
3.0509679317474365
4.153043746948242
6.10533332824707
10.248537063598633
22.82362937927246
241.46629333496094
