188566.1101989746
49.01334762573242
50.891754150390625
52.73114776611328
54.48124694824219
56.102664947509766
57.57419204711914
58.87691116333008
59.9974479675293
60.96177673339844
61.753849029541016
62.391841888427734
62.888832092285156
63.26565170288086
63.53226089477539
63.70335388183594
63.801937103271484
63.83125686645508
63.810035705566406
63.74721145629883
63.65599060058594
63.54199981689453
63.4124641418457
63.27717590332031
63.13890075683594
63.00096130371094
62.869712829589844
62.74543762207031
62.63653564453125
62.53981018066406
62.45915985107422
62.396217346191406
62.352561950683594
62.33174133300781
62.331871032714844
62.357749938964844
62.410614013671875
62.49590301513672
62.61131286621094
62.75858688354492
62.95692443847656
63.197635650634766
63.50205612182617
63.87637710571289
64.34251403808594
64.92960357666016
65.68746185302734
66.70558166503906
68.16417694091797
70.58963775634766
77.40751647949219
