12284.288835525513
5.905121803283691
5.729449272155762
5.369621753692627
5.40841007232666
5.256292819976807
5.111142158508301
4.7998223304748535
4.844409465789795
4.717400550842285
4.436007976531982
4.483273029327393
4.371410369873047
4.115589618682861
4.164572715759277
4.065467357635498
3.970172643661499
3.743211269378662
3.793351650238037
3.708322048187256
3.499696731567383
3.5501012802124023
3.473827600479126
3.281308889389038
3.3316190242767334
3.2628910541534424
3.196486711502075
3.0225846767425537
3.072338819503784
3.0121779441833496
2.8503899574279785
2.8995015621185303
2.8448164463043213
2.693838596343994
2.7421844005584717
2.6922850608825684
2.5510172843933105
2.5985090732574463
2.552830696105957
2.5084705352783203
2.3786964416503906
2.424940347671509
2.384172201156616
2.262042284011841
2.307304620742798
2.2697436809539795
2.1545629501342773
2.1988232135772705
2.1641244888305664
2.130321741104126
2.0234808921813965
