1.1681734705343843
0.014901784248650074
0.014887629076838493
0.014894882217049599
0.014955268241465092
0.015040615573525429
0.015154102817177773
0.015322333201766014
0.015525543130934238
0.01576026901602745
0.016059687361121178
0.01639794185757637
0.016784505918622017
0.01721857488155365
0.017732083797454834
0.018297065049409866
0.018913215026259422
0.019635390490293503
0.020421942695975304
0.021279573440551758
0.022265512496232986
0.023338448256254196
0.024537356570363045
0.02584422379732132
0.027339283376932144
0.028983013704419136
0.030787337571382523
0.032868292182683945
0.03517264872789383
0.03773852437734604
0.040697790682315826
0.0440455861389637
0.047866273671388626
0.05222048982977867
0.05735703557729721
0.06330371648073196
0.07028663903474808
0.07872617244720459
0.08885934948921204
0.10117968171834946
0.11677081882953644
0.13651889562606812
0.16232767701148987
0.1969701498746872
0.24594251811504364
0.3183947205543518
0.43350881338119507
0.6393756866455078
1.078289270401001
2.4420413970947266
91.12704467773438
