3161.526757478714
0.536911129951477
0.5182991027832031
0.5023476481437683
0.488028347492218
0.47347620129585266
0.46045541763305664
0.44758519530296326
0.43667107820510864
0.42343753576278687
0.41220036149024963
0.4010276198387146
0.39105290174484253
0.380761981010437
0.3715829849243164
0.36391937732696533
0.3532130718231201
0.34510141611099243
0.33694401383399963
0.3287830054759979
0.32152682542800903
0.3139384090900421
0.3084815740585327
0.30035877227783203
0.29355284571647644
0.2874997854232788
0.2811192274093628
0.2754705846309662
0.26974910497665405
0.26394838094711304
0.2599467635154724
0.25364893674850464
0.24839094281196594
0.24375523626804352
0.23880991339683533
0.2344561070203781
0.22999638319015503
0.22644305229187012
0.22149965167045593
0.21743375062942505
0.21328525245189667
0.20964907109737396
0.2057262659072876
0.20227956771850586
0.1996081918478012
0.1951349973678589
0.1919788122177124
0.18855054676532745
0.18556196987628937
0.1824653297662735
0.179304838180542
