0.0547285150969401
0.0022754904348403215
0.0023673211690038443
0.002462854143232107
0.002567167626693845
0.0026761118788272142
0.002791700651869178
0.0029126217123121023
0.003045014338567853
0.0031841143500059843
0.003332471242174506
0.0034909332171082497
0.0036581007298082113
0.0038419754710048437
0.004036929924041033
0.004246561322361231
0.004469521343708038
0.004716041963547468
0.004979780409485102
0.00526574719697237
0.005576570518314838
0.00591146107763052
0.006285166833549738
0.006690799258649349
0.007136772386729717
0.007628776133060455
0.008168250322341919
0.008778823539614677
0.00945501308888197
0.010213572531938553
0.011061713099479675
0.012038328684866428
0.013145183213055134
0.014417078346014023
0.01588996686041355
0.017598867416381836
0.019638769328594208
0.022059820592403412
0.02498536743223667
0.0285546462982893
0.03305066376924515
0.03876134753227234
0.04623020440340042
0.05631357058882713
0.07043854892253876
0.09149323403835297
0.12505286931991577
0.18487580120563507
0.3125987648963928
0.7117437124252319
34.53425598144531
