66230.82130813599
16.010961532592773
16.656288146972656
17.315099716186523
17.95945167541504
18.59299087524414
19.200410842895508
19.77621841430664
20.319580078125
20.815326690673828
21.275634765625
21.695764541625977
22.07720947265625
22.427398681640625
22.73768424987793
23.021806716918945
23.28194236755371
23.519672393798828
23.742372512817383
23.945507049560547
24.140731811523438
24.332077026367188
24.516849517822266
24.705730438232422
24.891521453857422
25.085350036621094
25.288311004638672
25.502927780151367
25.732542037963867
25.975990295410156
26.2387638092041
26.525293350219727
26.838518142700195
27.18144989013672
27.5551815032959
27.971710205078125
28.430255889892578
28.943233489990234
29.517086029052734
30.162263870239258
30.898115158081055
31.740652084350586
32.72053909301758
33.879154205322266
35.270511627197266
36.994346618652344
39.204349517822266
42.20619201660156
46.67190170288086
54.62662887573242
90.22438049316406
