1.113444959744811
0.012626294046640396
0.012520307675004005
0.012432027608156204
0.01238810084760189
0.012364503927528858
0.012362401932477951
0.012409711256623268
0.012480529025197029
0.012576154433190823
0.012727215886116028
0.012907009571790695
0.013126405887305737
0.013376600109040737
0.013695153407752514
0.014050504192709923
0.014443693682551384
0.014919348992407322
0.015442161820828915
0.016013825312256813
0.016688942909240723
0.01742698810994625
0.018252190202474594
0.019153423607349396
0.020202511921525
0.02135423757135868
0.022619087249040604
0.024089468643069267
0.025717634707689285
0.027524949982762337
0.029636075720191002
0.032007258385419846
0.03472109138965607
0.03780341148376465
0.04146706685423851
0.04570484906435013
0.05064786970615387
0.05666634812951088
0.06387398391962051
0.07262503355741501
0.08372015506029129
0.09775755554437637
0.11609748005867004
0.14065657556056976
0.17550396919250488
0.22690148651599884
0.3084559440612793
0.45449990034103394
0.7656904458999634
1.7302976846694946
56.5927848815918
