209011.65781784058
17.073091506958008
16.43470001220703
15.829657554626465
15.255644798278809
14.720767974853516
14.192182540893555
13.699369430541992
13.23018741607666
12.783120155334473
12.35680866241455
11.949993133544922
11.569509506225586
11.18993091583252
10.834879875183105
10.495126724243164
10.169806480407715
9.858112335205078
9.559309005737305
9.27914810180664
8.997424125671387
8.733283042907715
8.479523658752441
8.235597610473633
8.001015663146973
7.7753167152404785
7.563333034515381
7.348692893981934
7.147132396697998
6.952859401702881
6.765536785125732
6.58484411239624
6.410483360290527
6.246510982513428
6.079489707946777
5.922467231750488
5.770719528198242
5.624027729034424
5.482171535491943
5.344945907592773
5.212162494659424
5.08718729019165
4.959105968475342
4.83858585357666
4.721826553344727
4.608676433563232
4.499000549316406
4.392659664154053
4.292524814605713
4.189408779144287
4.092329978942871
