0.002318622293387307
2.065109038085211e-05
2.037910235230811e-05
2.0193709133309312e-05
2.0097508240723982e-05
2.006274189625401e-05
2.0118623069720343e-05
2.025670255534351e-05
2.0490952010732144e-05
2.078684701700695e-05
2.118101474479772e-05
2.1678533812519163e-05
2.2241260012378916e-05
2.291235614393372e-05
2.368279456277378e-05
2.457433583913371e-05
2.554375350882765e-05
2.6646142941899598e-05
2.7893809601664543e-05
2.9239572540973313e-05
3.0751463782507926e-05
3.242541060899384e-05
3.4302698622923344e-05
3.6331835872260854e-05
3.860726428683847e-05
4.1164341382682323e-05
4.39509931311477e-05
4.709406857728027e-05
5.0617010856512934e-05
5.462182525661774e-05
5.9070149291073903e-05
6.417107215384021e-05
7.006042142165825e-05
7.674443622818217e-05
8.456745854346082e-05
9.374516230309382e-05
0.00010470466804690659
0.00011770083074225113
0.00013360835146158934
0.00015341439575422555
0.0001781786122592166
0.0002103015431202948
0.0002529850753489882
0.00031192286405712366
0.0003960868052672595
0.0005243096966296434
0.0007354074041359127
0.0011222180910408497
0.001978647895157337
0.004747164435684681
0.3539447784423828
