206.8114921450615
0.017999786883592606
0.017437929287552834
0.016902010887861252
0.016392605379223824
0.015907233580946922
0.01544436626136303
0.015002592466771603
0.014580607414245605
0.014177223667502403
0.013791326433420181
0.013421894051134586
0.013067974708974361
0.012729176320135593
0.012403193861246109
0.012090776115655899
0.01179070957005024
0.011502325534820557
0.011225013062357903
0.010903928428888321
0.01070252712816
0.010455086827278137
0.010216631926596165
0.00998706091195345
0.009764930233359337
0.009550896473228931
0.009344236925244331
0.009144609794020653
0.008951693773269653
0.008765175007283688
0.008584779687225819
0.008410224691033363
0.008241260424256325
0.00807763822376728
0.007919367402791977
0.007765520829707384
0.0076166135258972645
0.007472207769751549
0.007332114037126303
0.007196163758635521
0.007064189296215773
0.0069360327906906605
0.006811544764786959
0.006690582726150751
0.006573011167347431
0.006458869203925133
0.006347527261823416
0.00623937975615263
0.00613414216786623
0.006031710654497147
0.005931983236223459
