0.0
0.0
0.0
0.0
0.0
2.70568185911646e-11
5.271894379377251e-11
7.147431951848304e-11
9.698145758685328e-11
1.3169988710703961e-10
1.790081832764301e-10
2.4352256322579535e-10
3.3161309809237594e-10
4.520289142995182e-10
6.168438537734744e-10
8.426644382275583e-10
1.1525504994835956e-09
1.5783814255598827e-09
2.1645307768380917e-09
2.97240498881024e-09
4.08806721807764e-09
5.6317870367195155e-09
7.771447485538374e-09
1.074410338475218e-08
1.4883485555117204e-08
2.0662332289589358e-08
2.8750040570457713e-08
4.010502863138754e-08
5.6097121614584466e-08
7.870213636351764e-08
1.107722908955111e-07
1.5647265172447078e-07
2.219058643504468e-07
3.161003689911013e-07
4.5247992375152535e-07
6.513207608804805e-07
9.434873504687857e-07
1.3764938557869755e-06
2.025035655606189e-06
3.008186013175873e-06
4.5204042180557735e-06
6.886880782985827e-06
1.0671365998859983e-05
1.6889720427570865e-05
2.747429425653536e-05
4.636170342564583e-05
8.240513125201687e-05
0.0001585588906891644
0.00034984154626727104
0.0010441802442073822
0.12084599584341049
