11614.959555387497
2.043494701385498
2.0524659156799316
2.0622141361236572
2.0736989974975586
2.0839672088623047
2.095780849456787
2.108407735824585
2.1214113235473633
2.1360890865325928
2.1493868827819824
2.164031505584717
2.1794447898864746
2.1951916217803955
2.212548017501831
2.2288053035736084
2.246401786804199
2.264958143234253
2.2846834659576416
2.304109811782837
2.3249189853668213
2.3469979763031006
2.370053291320801
2.3948516845703125
2.4199728965759277
2.4469940662384033
2.475961923599243
2.50667405128479
2.5399272441864014
2.574704647064209
2.6123952865600586
2.653451681137085
2.6977717876434326
2.746323585510254
2.798705816268921
2.8564555644989014
2.9206438064575195
2.9916255474090576
3.0719447135925293
3.161473035812378
3.263853073120117
3.3824052810668945
3.521071672439575
3.6858043670654297
3.8867604732513428
4.138855457305908
4.469692230224609
4.9308671951293945
9.645241737365723
13.019516944885254
25.37847900390625
