0.002318622293387307
2.065109038085211e-05
2.037910235230811e-05
2.0193709133309312e-05
2.0097508240723982e-05
2.0062714611412957e-05
2.011857031902764e-05
2.025663161475677e-05
2.0490855604293756e-05
2.0786716049769893e-05
2.1180836483836174e-05
2.1678290067939088e-05
2.224092895630747e-05
2.2911903215572238e-05
2.3682177925365977e-05
2.4573493647039868e-05
2.55426002695458e-05
2.664456405909732e-05
2.7891645004274324e-05
2.923660031228792e-05
3.0747374694328755e-05
3.2419779017800465e-05
3.4294927900191396e-05
3.632109292084351e-05
3.859238131553866e-05
4.114367766305804e-05
4.392224218463525e-05
4.705396349891089e-05
5.056091322330758e-05
5.4543124861083925e-05
5.895937647437677e-05
6.40146026853472e-05
6.983851199038327e-05
7.642833224963397e-05
8.411498129134998e-05
9.309384040534496e-05
0.0001037611800711602
0.00011632433597696945
0.00013158332149032503
0.00015040620928630233
0.00017365820531267673
0.00020341466006357223
0.00024231370480265468
0.0002950331545434892
0.0003686124982777983
0.0004779479932039976
0.0006530022947117686
0.0009636592585593462
0.0016288062324747443
0.003702983958646655
0.23309879004955292
