191258.1840186119
6.63013219833374
7.016122341156006
7.382468223571777
7.7087483406066895
7.984780311584473
8.205289840698242
8.374334335327148
8.495707511901855
8.577190399169922
8.624105453491211
8.645087242126465
8.646021842956543
8.632096290588379
8.606315612792969
8.574691772460938
8.538662910461426
8.501656532287598
8.463373184204102
8.426080703735352
8.390992164611816
8.359421730041504
8.329424858093262
8.304046630859375
8.28213882446289
8.26489543914795
8.249547958374023
8.240148544311523
8.234663009643555
8.233525276184082
8.236023902893066
8.243782043457031
8.25632095336914
8.273865699768066
8.296731948852539
8.325223922729492
8.360060691833496
8.40125560760498
8.451733589172363
8.5090970993042
8.577698707580566
8.656338691711426
8.751335144042969
8.864717483520508
8.999946594238281
9.166796684265137
9.378042221069336
9.658148765563965
10.058685302734375
10.723814964294434
12.849796295166016
