12369.645201683044
2.950835704803467
2.687941074371338
2.787353754043579
2.7087786197662354
2.6338205337524414
2.5622503757476807
2.4938576221466064
2.4284486770629883
2.3658440113067627
2.305877923965454
2.1095125675201416
2.1966426372528076
2.1435837745666504
2.092623233795166
2.0436453819274902
1.9965447187423706
1.9512217044830322
1.9075837135314941
1.7501506805419922
1.8275129795074463
1.7883459329605103
1.7505548000335693
1.7140729427337646
1.6788372993469238
1.644789695739746
1.6118743419647217
1.580039381980896
1.4532922506332397
1.5212533473968506
1.4923192262649536
1.4642882347106934
1.4371213912963867
1.410781741142273
1.3852345943450928
1.3604469299316406
1.3363876342773438
1.231634497642517
1.2917360067367554
1.2696505784988403
1.2481852769851685
1.2273162603378296
1.2070202827453613
1.187275767326355
1.1680620908737183
1.078062891960144
1.1322726011276245
1.1145069599151611
1.097199559211731
1.080333948135376
1.0638943910598755
