0.016706229696865194
0.00017664002371020615
0.000174670058186166
0.00017307704547420144
0.00017187777848448604
0.0001714401296339929
0.0001713028468657285
0.0001719840947771445
0.00017298667808063328
0.00017486917204223573
0.0001772508112480864
0.00018013175576925278
0.00018400973931420594
0.00018828730389941484
0.00019366283959243447
0.0001994884223677218
0.00020654374384321272
0.00021433431538753211
0.00022289030312094837
0.0002329476410523057
0.00024371191102545708
0.00025622814428061247
0.00026992554194293916
0.00028489637770690024
0.00030218056053854525
0.0003208401903975755
0.00034237621002830565
0.0003657818597275764
0.0003928720543626696
0.00042302472866140306
0.00045671864063479006
0.0004960430087521672
0.0005399960209615529
0.0005918049137108028
0.0006506632198579609
0.0007209370960481465
0.0008032776531763375
0.000900711864233017
0.0010205439757555723
0.0011655166745185852
0.0013492365833371878
0.0015823484864085913
0.0018856412498280406
0.002299719722941518
0.0028769532218575478
0.0037406550254672766
0.005111680831760168
0.0075710611417889595
0.01283066626638174
0.029223524034023285
1.9642364978790283
