1404.9381432831287
0.09028156101703644
0.08778851479291916
0.08452248573303223
0.08194758743047714
0.07981729507446289
0.07703175395727158
0.07505988329648972
0.07256187498569489
0.0708233118057251
0.06848198175430298
0.0665755644440651
0.06503331661224365
0.06300126761198044
0.061636269092559814
0.05971579626202583
0.05842975154519081
0.056690335273742676
0.05527111887931824
0.05417636036872864
0.052581023424863815
0.051542967557907104
0.05009195953607559
0.04916926473379135
0.047780636698007584
0.046658843755722046
0.0458710640668869
0.04461664333939552
0.04385847598314285
0.04268159344792366
0.04195117950439453
0.040874503552913666
0.04001547023653984
0.039391666650772095
0.03835189342498779
0.03779945522546768
0.036843493580818176
0.036304593086242676
0.03537706658244133
0.034716323018074036
0.03422963619232178
0.03340034559369087
0.03294730931520462
0.03213709965348244
0.031737618148326874
0.030989862978458405
0.03043176233768463
0.030027642846107483
0.029357586055994034
0.02899855375289917
0.02834087423980236
