4.027288960628539e-05
2.87185730485362e-06
3.086784772676765e-06
3.3194721709151054e-06
3.571558409021236e-06
3.846524577966193e-06
4.144515514781233e-06
4.470220574148698e-06
4.82470295537496e-06
5.210869858274236e-06
5.634417902911082e-06
6.097160166973481e-06
6.603303063457133e-06
7.1607023528486025e-06
7.772413482598495e-06
8.444672857876867e-06
9.188552212435752e-06
1.0009269317379221e-05
1.0916297469520941e-05
1.1925785656785592e-05
1.3046615094935987e-05
1.429378789907787e-05
1.5691595763200894e-05
1.7255686543649063e-05
1.9010667529073544e-05
2.0994835722376592e-05
2.3236685592564754e-05
2.5778634153539315e-05
2.868456613214221e-05
3.200415085302666e-05
3.5834225855069235e-05
4.026123497169465e-05
4.5407909055938944e-05
5.14525527250953e-05
5.858164149685763e-05
6.705868145218119e-05
7.726707553956658e-05
8.965907181845978e-05
0.00010488834959687665
0.00012393166252877563
0.00014809920685365796
0.00017940325778909028
0.00022107630502432585
0.0002782059891615063
0.00035970774479210377
0.0004825154901482165
0.0006814290536567569
0.0010408658999949694
0.0018209924455732107
0.004289187956601381
0.3574891686439514
