18668.88775587082
1.8173083066940308
1.8304805755615234
1.8473179340362549
1.868720531463623
1.8911268711090088
1.9178870916366577
1.948466181755066
1.9798334836959839
2.014866828918457
2.052441120147705
2.09299635887146
2.1339008808135986
2.17764949798584
2.2239511013031006
2.2702462673187256
2.3185296058654785
2.3681118488311768
2.4194393157958984
2.4700801372528076
2.522275686264038
2.55643367767334
2.5753509998321533
2.6275036334991455
2.6805014610290527
2.733668804168701
2.78698992729187
2.838945150375366
2.891148090362549
2.9434425830841064
2.9941794872283936
3.044508457183838
3.094327688217163
3.1439859867095947
3.1918909549713135
3.2399215698242188
3.2874770164489746
3.3338632583618164
3.380574941635132
3.427631139755249
3.4752097129821777
3.523123264312744
3.573302745819092
3.6267521381378174
3.6839635372161865
3.7477033138275146
3.821861505508423
3.91271710395813
4.031357765197754
4.207029342651367
4.551644802093506