0.01666595671849791
0.00017376815958414227
0.00017158327682409436
0.00016975757898762822
0.0001683062146184966
0.00016759360732976347
0.00016715833044145256
0.00016751387738622725
0.00016816197603475302
0.0001696583058219403
0.00017161639698315412
0.00017403459060005844
0.00017740642942953855
0.00018112659745384008
0.00018589042883832008
0.00019104375678580254
0.00019735518435481936
0.0002043250424321741
0.00021197400928940624
0.0002210218517575413
0.00023066528956405818
0.0002419343509245664
0.0002542339498177171
0.00026764068752527237
0.0002831698802765459
0.0002998453564941883
0.0003191395371686667
0.00034000322921201587
0.0003641874936874956
0.000391020585084334
0.0004208844038657844
0.0004557817883323878
0.0004945881082676351
0.0005403523682616651
0.0005920815747231245
0.0006538784364238381
0.0007260105921886861
0.0008110527996905148
0.0009156555752269924
0.0010415849974378943
0.0012011374346911907
0.0014029452577233315
0.0016645649448037148
0.00202151364646852
0.002517245477065444
0.003258139593526721
0.004430251661688089
0.006530195474624634
0.011009673587977886
0.02493433654308319
1.6067473888397217
