97627.6404838562
9.449049949645996
9.504613876342773
9.580850601196289
9.663654327392578
9.764544486999512
9.870610237121582
9.988747596740723
10.11888313293457
10.25124740600586
10.396112442016602
10.5421724319458
10.697254180908203
10.853713035583496
11.016777992248535
11.180109024047852
11.347251892089844
11.517176628112793
11.686017990112305
11.857651710510254
12.027623176574707
12.199929237365723
12.368014335632324
12.53986930847168
12.70654296875
12.876574516296387
13.042157173156738
13.207503318786621
13.374955177307129
13.537871360778809
13.704996109008789
13.869407653808594
14.036376953125
14.204987525939941
14.377144813537598
14.553318977355957
14.735723495483398
14.926183700561523
15.12702465057373
15.341532707214355
15.573877334594727
15.83011245727539
16.11406707763672
16.442119598388672
16.82156753540039
17.28267478942871
17.860536575317383
18.624433517456055
19.741657257080078
21.698102951049805
23.67833709716797
