186697.41519355774
8.520267486572266
8.33132266998291
8.028128623962402
7.85881233215332
7.580910682678223
7.4286675453186035
7.173083782196045
7.035760879516602
6.799973487854004
6.675744533538818
6.4575886726379395
6.344899654388428
6.142506122589111
6.040027141571045
5.895919322967529
5.7142333984375
5.624992370605469
5.455409526824951
5.373799800872803
5.21517276763916
5.140395641326904
4.99171257019043
4.923068523406982
4.783439636230469
4.720316410064697
4.5889506340026855
4.530810356140137
4.407005786895752
4.353371620178223
4.236506462097168
4.186957359313965
4.076470375061035
4.030637264251709
3.9557158946990967
3.8538832664489746
3.813013792037964
3.7163963317871094
3.678476572036743
3.586688756942749
3.551469087600708
3.4641618728637695
3.4314167499542236
3.3482718467712402
3.3177967071533203
3.2385294437408447
3.2101430892944336
3.134488344192505
3.108025312423706
3.035745620727539
3.0110549926757812
