0.08472286153119057
0.000703157449606806
0.0007071332656778395
0.0007115050684660673
0.0007190553587861359
0.0007290189387276769
0.0007413862622343004
0.0007563165854662657
0.0007739103166386485
0.0007943030213937163
0.0008176594274118543
0.0008441341342404485
0.0008752880385145545
0.0009074375848285854
0.0009447255288250744
0.0009862091392278671
0.0010322435991838574
0.0010832783300429583
0.0011398079805076122
0.001202411949634552
0.0012717068893834949
0.001350736478343606
0.0014341373462229967
0.0015290677547454834
0.00163484294898808
0.0017529975157231092
0.0018853507936000824
0.0020341072231531143
0.0022017857991158962
0.0023920233361423016
0.0026084240525960922
0.002860057633370161
0.0031414409168064594
0.003471802454441786
0.003857506439089775
0.004311658442020416
0.004851199686527252
0.005500479135662317
0.006290502846240997
0.007266579661518335
0.008504468947649002
0.010070975869894028
0.012145902961492538
0.014965670183300972
0.01895511895418167
0.02490582875907421
0.034471653401851654
0.05162031948566437
0.08851660788059235
0.2042582482099533
11.041543960571289
