145.49950457224622
0.0028867905493825674
0.0027594934217631817
0.002638429868966341
0.0025247340090572834
0.00241734366863966
0.002315810415893793
0.0022201407700777054
0.002128700725734234
0.0020424264948815107
0.001960956258699298
0.0018828415777534246
0.001808995846658945
0.0017391094006597996
0.001671956037171185
0.001608342514373362
0.0015477362321689725
0.0014899588422849774
0.00143512396607548
0.0013825028436258435
0.0013319994322955608
0.0012840103590860963
0.0012381377164274454
0.0011942654382437468
0.001152286771684885
0.001112532103434205
0.001073602237738669
0.0010367302456870675
0.001001387950964272
0.0009674983448348939
0.0009349886677227914
0.0009039696305990219
0.0008738358155824244
0.000845234259031713
0.0008174379472620785
0.0007908844854682684
0.0007653580978512764
0.0007409585523419082
0.0007171925972215831
0.0006944712367840111
0.0006727270083501935
0.0006515395944006741
0.000631260103546083
0.0006118473829701543
0.0005928940954618156
0.0005747484392486513
0.0005572536028921604
0.0005403767572715878
0.0005241921171545982
0.0005083915893919766
0.0004933401360176504
