0.0013701550060432055
9.283640974899754e-05
9.941461030393839e-05
0.00010652680066414177
0.00011420540977269411
0.00012256061017978936
0.00013160267553757876
0.00014141903375275433
0.00015208825061563402
0.00016369830700568855
0.0001763481122907251
0.00019014977442566305
0.000205195538001135
0.00022172530589159578
0.00023980658443178982
0.0002596549747977406
0.000281481072306633
0.000305527268210426
0.0003320716496091336
0.0003614356101024896
0.000393928523408249
0.0004301699227653444
0.00047048661508597434
0.0005155348917469382
0.0005660196184180677
0.0006227795965969563
0.000686817045789212
0.0007593376794829965
0.0008416669443249702
0.0009359874529764056
0.0010441165650263429
0.0011689133243635297
0.00131381640676409
0.001483190688304603
0.0016826525097712874
0.0019195328932255507
0.0022031741682440042
0.0025477258022874594
0.0029702424071729183
0.003496481804177165
0.004163327626883984
0.005025987979024649
0.006170415785163641
0.0077369785867631435
0.009969007223844528
0.013320038095116615
0.018744852393865585
0.02853112295269966
0.04972007870674133
0.11662371456623077
6.6813764572143555
