3394.251989632845
0.45689594745635986
0.45543986558914185
0.45506954193115234
0.4557833671569824
0.45758575201034546
0.4604417085647583
0.464499831199646
0.4698287546634674
0.47595375776290894
0.48345646262168884
0.49212759733200073
0.5021882057189941
0.5135135054588318
0.5262161493301392
0.5403589010238647
0.5559312105178833
0.5732483863830566
0.5921644568443298
0.6128517985343933
0.6354168057441711
0.6598689556121826
0.6866561770439148
0.7156117558479309
0.7469968199729919
0.7809891700744629
0.8176389932632446
0.8575972318649292
0.9006873965263367
0.9473239183425903
0.9978182911872864
1.0523213148117065
1.111822485923767
1.176204800605774
1.24618661403656
1.3223843574523926
1.4053246974945068
1.496442198753357
1.5962228775024414
1.7061136960983276
1.8276971578598022
1.9625893831253052
2.1146109104156494
2.286195755004883
2.482781171798706
2.7119226455688477
2.9851248264312744
3.3258683681488037
3.777726650238037
4.46872615814209
6.57618522644043
