0.08335270639508963
0.0006103210616856813
0.0006077186553739011
0.0006049782386980951
0.0006048499490134418
0.0006064583430998027
0.0006097835721448064
0.0006148975226096809
0.0006218220805749297
0.0006306046852841973
0.0006413113442249596
0.0006539843743667006
0.00067009252961725
0.0006857122643850744
0.0007049189298413694
0.0007265541353262961
0.0007507625268772244
0.0007777510327287018
0.0008077363017946482
0.000840976310428232
0.0008777783368714154
0.0009205666137859225
0.0009636507602408528
0.0010135328629985452
0.0010688232723623514
0.001130217919126153
0.0011985336896032095
0.0012747696600854397
0.0013601189712062478
0.001456035883165896
0.0015643074875697494
0.0016911443090066314
0.0018276246264576912
0.0019886118825525045
0.002174853812903166
0.0023921255487948656
0.0026480257511138916
0.002952753333374858
0.0033202602062374353
0.0037700978573411703
0.004341140855103731
0.005044987425208092
0.005975487641990185
0.007228691130876541
0.008986111730337143
0.011585790663957596
0.015726802870631218
0.023089198395609856
0.03879652917385101
0.08763453364372253
4.360167503356934
