41980.66020321846
2.0009491443634033
1.9741073846817017
1.954337239265442
1.9401769638061523
1.932448387145996
1.929876685142517
1.9324396848678589
1.9404711723327637
1.95287024974823
1.9703199863433838
1.9915660619735718
2.017397880554199
2.0468406677246094
2.0804860591888428
2.117201566696167
2.1577506065368652
2.201420545578003
2.2481014728546143
2.2981793880462646
2.350618839263916
2.4061923027038574
2.4642467498779297
2.52510929107666
2.5884928703308105
2.6542599201202393
2.7225098609924316
2.7934789657592773
2.8669471740722656
2.9432435035705566
3.02213454246521
3.104128122329712
3.189608573913574
3.278648853302002
3.3722617626190186
3.470079183578491
3.5738728046417236
3.6841955184936523
3.802614450454712
3.9310367107391357
4.070943832397461
4.226574897766113
4.40187931060791
4.603870391845703
4.840982437133789
5.1297926902771
5.49609375
5.990169048309326
6.725321292877197
8.047221183776855
17.01762580871582
