0.3285387600772083
0.004337191581726074
0.004378399811685085
0.0044300733134150505
0.004490625113248825
0.004562355577945709
0.0046454668045043945
0.004739783704280853
0.004846985451877117
0.004968500696122646
0.0051032621413469315
0.005254991352558136
0.005422275513410568
0.005608315579593182
0.0058150929398834705
0.006041881628334522
0.006293990649282932
0.006570279598236084
0.006876086350530386
0.007214434910565615
0.00758607592433691
0.007997790351510048
0.00845483597368002
0.008958903141319752
0.009521611034870148
0.010145314037799835
0.010843216441571712
0.01162695698440075
0.012504201382398605
0.013498703017830849
0.014621876180171967
0.01590454764664173
0.01737806759774685
0.019072506576776505
0.02104550413787365
0.023362673819065094
0.026096688583493233
0.02937793731689453
0.03334321081638336
0.038225606083869934
0.04434409737586975
0.05214492976665497
0.062378883361816406
0.07623785734176636
0.09572456032037735
0.12471716105937958
0.17103487253189087
0.2537584900856018
0.43107521533966064
0.9844516515731812
44.40733337402344
