145.3711233958602
0.00795954279601574
0.007632158696651459
0.007331058382987976
0.007048402447253466
0.006772834341973066
0.00651570875197649
0.006273938342928886
0.006040469277650118
0.005820728372782469
0.0056148674339056015
0.0054131606593728065
0.005227299407124519
0.005042568780481815
0.004872345365583897
0.004711621440947056
0.0045523871667683125
0.00440323306247592
0.004262305796146393
0.004124468192458153
0.0039967685006558895
0.003869391046464443
0.0037499787285923958
0.0036369883455336094
0.003525887615978718
0.0034207289572805166
0.0033220923505723476
0.0032229300122708082
0.003129039891064167
0.003042698372155428
0.0029546478763222694
0.0028740782290697098
0.0027925604954361916
0.002716097980737686
0.0026436271145939827
0.0025715590454638004
0.0025032442063093185
0.0024391794577240944
0.0023738702293485403
0.0023119638208299875
0.002255232073366642
0.002196483314037323
0.002143023768439889
0.002088184468448162
0.0020361978095024824
0.0019886509981006384
0.001939072273671627
0.0018926262855529785
0.0018491350347176194
0.0018036612309515476
0.001762112369760871
