0.023569674900500104
0.001188049791380763
0.0012485586339607835
0.0013137725181877613
0.0013824852649122477
0.0014562263386324048
0.0015354828210547566
0.0016193140763789415
0.0017095734365284443
0.001806917367503047
0.0019103288650512695
0.0020227169152349234
0.0021424952428787947
0.0022723262663930655
0.0024133422411978245
0.0025644644629210234
0.002729930682107806
0.002908002585172653
0.003102733753621578
0.003316237824037671
0.003547681961208582
0.003802506485953927
0.004083938896656036
0.004391692578792572
0.004734861198812723
0.005112713668495417
0.005535085219889879
0.006009238306432962
0.006537881679832935
0.007138452958315611
0.007814907468855381
0.008588590659201145
0.009479254484176636
0.010502103716135025
0.011695976369082928
0.013101962395012379
0.014760465361177921
0.016758669167757034
0.019174126908183098
0.02215704880654812
0.02590690180659294
0.030692221596837044
0.036988694220781326
0.04554186016321182
0.05758507549762726
0.0755639299750328
0.10433545708656311
0.15586383640766144
0.266643762588501
0.6133230924606323
30.47377586364746
