0.3049690849147737
0.003149142023175955
0.0031298412941396236
0.0031163005623966455
0.003108140081167221
0.0031061293557286263
0.0031099840998649597
0.0031204696279019117
0.003137412015348673
0.0031615833286195993
0.003192933276295662
0.0032322744373232126
0.0032797802705317736
0.00333598954603076
0.003401750698685646
0.0034774169325828552
0.0035640602000057697
0.0036622772458940744
0.0037733525969088078
0.0038981970865279436
0.004038393963128328
0.0041952840983867645
0.004370897077023983
0.00456721056252718
0.004786750301718712
0.0050326003693044186
0.005308131221681833
0.005617718677967787
0.005966319236904383
0.006360250059515238
0.006806969176977873
0.007315956521779299
0.007898813113570213
0.008570401929318905
0.009349527768790722
0.010260711424052715
0.011336223222315311
0.012619269080460072
0.014169084839522839
0.016068559139966965
0.01843719556927681
0.021452710032463074
0.02539018727838993
0.030695999041199684
0.03813948482275009
0.04915322735905647
0.06669942289590836
0.09789465367794037
0.16443145275115967
0.37112855911254883
13.933555603027344
