12127.646737366915
0.08320346474647522
0.07818089425563812
0.07348944991827011
0.06911716610193253
0.06503912061452866
0.06122193485498428
0.057677581906318665
0.05435393378138542
0.05124504491686821
0.048326749354600906
0.04561033844947815
0.04305631294846535
0.04066143557429314
0.038407810032367706
0.03630565106868744
0.034324564039707184
0.0324629507958889
0.03071269765496254
0.029061317443847656
0.027517415583133698
0.026058804243803024
0.024684974923729897
0.02338634990155697
0.02217032201588154
0.02101949043571949
0.01993379183113575
0.01890583150088787
0.01794194057583809
0.01702827401459217
0.01616509258747101
0.015349303372204304
0.014575510285794735
0.013848833739757538
0.013158854097127914
0.012505946680903435
0.011885845102369785
0.01130287628620863
0.010748672299087048
0.010223646648228168
0.009724426083266735
0.009254628792405128
0.008807528764009476
0.008383539505302906
0.00798135157674551
0.007598429918289185
0.0072376965545117855
0.006893952377140522
0.006567593198269606
0.0062565733678638935
0.005963350646197796
