6.180798478424549
0.07298006862401962
0.0731576532125473
0.07343509048223495
0.07402922958135605
0.07472863048315048
0.07575273513793945
0.07693036645650864
0.0784168392419815
0.08008353412151337
0.08203186094760895
0.0843452662229538
0.08680491894483566
0.08970852941274643
0.0928354412317276
0.09640984982252121
0.10026582330465317
0.10463600605726242
0.10934580862522125
0.11465790867805481
0.12036357820034027
0.12686625123023987
0.13379298150539398
0.14171147346496582
0.15019550919532776
0.15990597009658813
0.17038694024085999
0.1823805868625641
0.19557081162929535
0.21061201393604279
0.22737088799476624
0.24664421379566193
0.26838624477386475
0.29367196559906006
0.3225628137588501
0.35690048336982727
0.3966590166091919
0.4448956251144409
0.5022236704826355
0.5735596418380737
0.6613315343856812
0.7743809223175049
0.9210587739944458
1.1199523210525513
1.3979687690734863
1.8114838600158691
2.468749523162842
3.641932964324951
6.139054298400879
13.920998573303223
378.47412109375
