3157.1179869771004
0.6869141459465027
0.6681566834449768
0.6486002802848816
0.6263672113418579
0.6112627387046814
0.5914395451545715
0.5767210721969604
0.5613627433776855
0.5438780188560486
0.5310757160186768
0.5176181197166443
0.5016481280326843
0.49141207337379456
0.47704532742500305
0.4668309688568115
0.45581141114234924
0.44264107942581177
0.4343692362308502
0.4241681694984436
0.4123184084892273
0.4049774706363678
0.39425429701805115
0.3867757022380829
0.37867021560668945
0.368574857711792
0.36259543895721436
0.3534570336341858
0.3472318947315216
0.3404073715209961
0.33175742626190186
0.32679152488708496
0.3202632963657379
0.31238728761672974
0.30788010358810425
0.30043908953666687
0.29625412821769714
0.29065340757369995
0.28380265831947327
0.28000304102897644
0.27491217851638794
0.2685488164424896
0.26514333486557007
0.2590997815132141
0.25590741634368896
0.2514656186103821
0.2458602786064148
0.24295693635940552
0.23863254487514496
0.23387549817562103
0.23098665475845337
