0.40383565542288125
0.01713397353887558
0.017854787409305573
0.018596142530441284
0.0194037314504385
0.020236866548657417
0.021133124828338623
0.02209894359111786
0.02310033328831196
0.024195294827222824
0.02533474750816822
0.026583073660731316
0.027887286618351936
0.029301755130290985
0.030839214101433754
0.03245611488819122
0.03423835337162018
0.03612195700407028
0.038204681128263474
0.04041784629225731
0.042848140001297
0.04552525281906128
0.04839673265814781
0.051604658365249634
0.055070362985134125
0.0589633584022522
0.0632038414478302
0.06795725971460342
0.07331138104200363
0.07923005521297455
0.08600573986768723
0.09358632564544678
0.10235781222581863
0.11231356859207153
0.12391319870948792
0.13755321502685547
0.15347571671009064
0.1726747453212738
0.19566205143928528
0.22412295639514923
0.25937286019325256
0.30448099970817566
0.3637242913246155
0.443227082490921
0.5556409358978271
0.721563994884491
0.9876582622528076
1.460325837135315
2.4719157218933105
5.626740455627441
173.7903594970703
