65736.72560024261
18.628808975219727
19.40582275390625
20.23430061340332
21.116024017333984
22.021339416503906
22.941129684448242
23.862550735473633
24.772266387939453
25.672269821166992
26.54151153564453
27.37755584716797
28.17823028564453
28.934438705444336
29.6553955078125
30.332429885864258
30.966655731201172
31.55606460571289
32.11736297607422
32.639137268066406
33.13022232055664
33.591827392578125
34.03068542480469
34.45435333251953
34.861244201660156
35.259193420410156
35.65119552612305
36.038970947265625
36.438961029052734
36.84320831298828
37.26156997680664
37.69828796386719
38.160091400146484
38.656253814697266
39.18486785888672
39.7626953125
40.39174270629883
41.08125686645508
41.853328704833984
42.71453094482422
43.68671417236328
44.79332733154297
46.080440521240234
47.5882682800293
49.394203186035156
51.62156295776367
54.46074295043945
58.292335510253906
63.94646453857422
73.90758514404297
114.64753723144531
