5.776962857693434
0.05584609508514404
0.05530286580324173
0.05483894795179367
0.0546254962682724
0.054491765797138214
0.05461961403489113
0.05483142286539078
0.0553165040910244
0.055888235569000244
0.05669711157679558
0.05776219069957733
0.058917634189128876
0.060406774282455444
0.0619962252676487
0.06395373493432999
0.06602746993303299
0.06851404905319214
0.07114113122224808
0.0742400586605072
0.07751543819904327
0.08134099841117859
0.08539625257253647
0.09010681509971619
0.09512514621019363
0.10094261914491653
0.10718310624361038
0.11442333459854126
0.12225943058729172
0.13138195872306824
0.1413651406764984
0.15305788815021515
0.1660284399986267
0.18135839700698853
0.19864961504936218
0.2193472683429718
0.24318328499794006
0.2722208797931671
0.3065616190433502
0.3494367003440857
0.401958703994751
0.4698999226093292
0.5573344826698303
0.6767252087593079
0.8423277735710144
1.0899198055267334
1.4810912609100342
2.181607246398926
3.6671388149261475
8.294258117675781
204.68374633789062
