208900.4759464264
22.20503044128418
21.336286544799805
20.50177001953125
19.7348575592041
18.995512008666992
18.28279685974121
17.6269588470459
16.99262237548828
16.379213333129883
15.814131736755371
15.265949249267578
14.734336853027344
14.2442045211792
13.7673978805542
13.303826332092285
12.876092910766602
12.459002494812012
12.052478790283203
11.677190780639648
11.31039810180664
10.952113151550293
10.62122631072998
10.29712963104248
9.979912757873535
9.686851501464844
9.399240493774414
9.11721134185791
8.856588363647461
8.600345611572266
8.348634719848633
8.115989685058594
7.886868476867676
7.661418914794922
7.453038692474365
7.247472286224365
7.044896602630615
6.857646942138672
6.672650337219238
6.490077018737793
6.321317672729492
6.150700569152832
5.993002414703369
5.83683967590332
5.682374000549316
5.539610862731934
5.3980560302734375
5.257864952087402
5.128309726715088
4.999692440032959
4.872161865234375
