1.3646783540025353
0.012115053832530975
0.012506246566772461
0.012903321534395218
0.013370812870562077
0.013839881867170334
0.014309067279100418
0.014859788119792938
0.015416155569255352
0.01600666530430317
0.016603220254182816
0.01730111800134182
0.01801329292356968
0.01875234581530094
0.01958639919757843
0.02045818418264389
0.021394282579421997
0.022359473630785942
0.023485446348786354
0.024659041315317154
0.025881808251142502
0.027309050783514977
0.028813274577260017
0.03039928898215294
0.03225446119904518
0.034235116094350815
0.03644835203886032
0.038773052394390106
0.04153912514448166
0.04455588385462761
0.04785635322332382
0.051775164902210236
0.05613785982131958
0.06113671883940697
0.06678065657615662
0.07361984997987747
0.08152782171964645
0.09075945615768433
0.10232838988304138
0.11612698435783386
0.13313087821006775
0.155305415391922
0.18393710255622864
0.22249534726142883
0.27600008249282837
0.35639646649360657
0.48377591371536255
0.7087551355361938
1.193023920059204
2.6985583305358887
214.72091674804688
