145.48451539408416
0.0031002704054117203
0.0029876460321247578
0.002881240099668503
0.002778171095997095
0.002680704928934574
0.0025887279771268368
0.0025019701570272446
0.0024171401746571064
0.002336696721613407
0.0022618742659687996
0.0021880697458982468
0.002118314616382122
0.0020514680072665215
0.001988886622712016
0.001926907105371356
0.0018685138784348965
0.0018131588585674763
0.0017582012806087732
0.0017069674795493484
0.0016573716420680285
0.0016102875815704465
0.0015636219177395105
0.00151984510011971
0.0014779746998101473
0.0014366278192028403
0.0013970802538096905
0.0013593935873359442
0.0013234997168183327
0.0012877495028078556
0.0012535103596746922
0.0012215287424623966
0.0011893841437995434
0.0011587723856791854
0.0011291150003671646
0.0011012388858944178
0.0010731455404311419
0.001046526711434126
0.001021136180497706
0.0009955125860869884
0.0009715700871311128
0.0009481609449721873
0.0009258626378141344
0.0009033023379743099
0.0008822205709293485
0.0008619293803349137
0.0008415138581767678
0.0008219927549362183
0.0008033066987991333
0.0007853073766455054
0.0007672739448025823
