0.2441714615561068
0.008806140162050724
0.009096940979361534
0.009379279799759388
0.009725754149258137
0.010067032650113106
0.01040111668407917
0.010808832012116909
0.011213626712560654
0.011643271893262863
0.01206885650753975
0.012584771029651165
0.01310293935239315
0.013621148653328419
0.014246683567762375
0.014880956150591373
0.015562032349407673
0.016252849251031876
0.017082979902625084
0.017936859279870987
0.018813256174325943
0.0198642797768116
0.02095871977508068
0.022097064182162285
0.023461610078811646
0.024902714416384697
0.026493560522794724
0.0281832292675972
0.030214423313736916
0.03240930289030075
0.034785810858011246
0.03765997290611267
0.04083411768078804
0.04447126388549805
0.048542942851781845
0.0535508431494236
0.05930476635694504
0.06597410142421722
0.07437802106142044
0.08446679264307022
0.09676662087440491
0.11296023428440094
0.13379061222076416
0.16184496879577637
0.20062285661697388
0.2592373788356781
0.3519229590892792
0.5152167081832886
0.8678508996963501
1.9637539386749268
159.5017547607422
