1.1205068475101143
0.003308913204818964
0.003409306053072214
0.0035240412689745426
0.00364505872130394
0.0037728487513959408
0.003907950595021248
0.0040509565733373165
0.004202528856694698
0.004363393876701593
0.004534364212304354
0.0047163465060293674
0.004910353571176529
0.005131197161972523
0.005339716095477343
0.00557722756639123
0.005832249764353037
0.006106624845415354
0.0064024669118225574
0.006722181104123592
0.0070685530081391335
0.007444771472364664
0.007854554802179337
0.008302224799990654
0.008792850188910961
0.009332400746643543
0.009954789653420448
0.010589822195470333
0.011324701830744743
0.012146581895649433
0.013070541433990002
0.014115190133452415
0.015303741209208965
0.01666545495390892
0.01823771744966507
0.020069008693099022
0.022223057225346565
0.02478535659611225
0.02795037068426609
0.03166019171476364
0.03636426478624344
0.04234517365694046
0.050146494060754776
0.06065037101507187
0.07537722587585449
0.09715908765792847
0.13185295462608337
0.19353841245174408
0.3251730501651764
0.7348045110702515
55.219154357910156
