41879.393459796906
4.424264430999756
4.46999454498291
4.5176167488098145
4.569332599639893
4.622958660125732
4.677066802978516
4.730652809143066
4.7841949462890625
4.833886623382568
4.882020473480225
4.927618980407715
4.9700188636779785
5.009050369262695
5.045774936676025
5.077634811401367
5.1073126792907715
5.133824348449707
5.1573944091796875
5.178813934326172
5.1985578536987305
5.214890956878662
5.230435371398926
5.244826793670654
5.257821559906006
5.270949840545654
5.2841033935546875
5.296318054199219
5.3098015785217285
5.323841571807861
5.339449405670166
5.356625556945801
5.376382350921631
5.397863388061523
5.422747611999512
5.450778961181641
5.483407974243164
5.5205583572387695
5.563382148742676
5.6127214431762695
5.67018461227417
5.737063407897949
5.8160576820373535
5.9097161293029785
6.023830890655518
6.163872718811035
6.342599391937256
6.582339286804199
6.929498195648193
7.520787239074707
9.276466369628906
