12129.030611975584
0.002395182615146041
0.0021269801072776318
0.0018897157860919833
0.0016799942823126912
0.00149433221668005
0.001329780905507505
0.0011839392827823758
0.001054652500897646
0.0009399119298905134
0.0008379729115404189
0.0007474346202798188
0.0006669550202786922
0.0005953760701231658
0.0005316870519891381
0.00047498944331891835
0.0004244933952577412
0.0003794967196881771
0.00033938870183192194
0.000303629320114851
0.0002717002935241908
0.00024322769604623318
0.00021779867529403418
0.00019509262347128242
0.0001747921050991863
0.00015664927195757627
0.00014044082490727305
0.00012593076098710299
0.00011295323201920837
0.00010133584146387875
9.094392589759082e-05
8.162937592715025e-05
7.328881474677473e-05
6.581575144082308e-05
5.911728658247739e-05
5.3112467867322266e-05
4.7727917262818664e-05
4.289945718483068e-05
3.856378316413611e-05
3.467632632236928e-05
3.1186955311568454e-05
2.8052176276105456e-05
2.5237368390662596e-05
2.2710446501150727e-05
2.044023131020367e-05
1.8398974134470336e-05
1.6564556062803604e-05
1.491680450271815e-05
1.343389885732904e-05
1.2100805179215968e-05
1.0901407222263515e-05
