0.027084015266154893
0.00021488495985977352
0.0002121240395354107
0.00021052014199085534
0.00021026437752880156
0.0002108205808326602
0.00021272568847052753
0.00021580830798484385
0.00022027210798114538
0.0002254997380077839
0.0002321235224371776
0.00023993678041733801
0.0002489741600584239
0.00025953174917958677
0.00027086021145805717
0.0002838006184902042
0.00029817837639711797
0.0003143872309010476
0.0003316289512440562
0.00035097450017929077
0.00037227111170068383
0.00039615039713680744
0.0004217152309138328
0.0004503699019551277
0.0004821412148885429
0.0005179706495255232
0.000556868442799896
0.0006009492208249867
0.0006505129276774824
0.0007070925203152001
0.0007699996349401772
0.0008424378465861082
0.0009256592020392418
0.0010219409596174955
0.001135079306550324
0.0012660217471420765
0.001422631205059588
0.0016105056274682283
0.0018406189046800137
0.002121413592249155
0.0024756710045039654
0.0029301864560693502
0.0035313840489834547
0.004341063089668751
0.005489600822329521
0.0072028860449790955
0.009961523115634918
0.014886466786265373
0.025493601337075233
0.05875403434038162
3.78043270111084
