206.5517023857683
0.02644222229719162
0.02565271221101284
0.025017956271767616
0.024181101471185684
0.023610934615135193
0.02284209057688713
0.022218668833374977
0.021726971492171288
0.021049197763204575
0.020602039992809296
0.019976623356342316
0.019472330808639526
0.019084621220827103
0.01852734573185444
0.018170442432165146
0.017652828246355057
0.01724136993288994
0.016927331686019897
0.016461912542581558
0.016171129420399666
0.015738096088171005
0.01539611630141735
0.015139700844883919
0.014745751395821571
0.014508518390357494
0.014138765633106232
0.013850975781679153
0.013639165088534355
0.013300517573952675
0.012897969223558903
0.012790954671800137
0.012546012178063393
0.012369160540401936
0.012077229097485542
0.011912317015230656
0.011636137031018734
0.011424697935581207
0.011276928707957268
0.011022128164768219
0.010882861912250519
0.010641015134751797
0.010458809323608875
0.010332520119845867
0.010108350776135921
0.009988976642489433
0.009776496328413486
0.00961748231202364
0.009509613737463951
0.009310989640653133
0.009209537878632545
