0.0002120352006045323
1.5527024515904486e-05
1.6716128811822273e-05
1.801009420887567e-05
1.9419814634602517e-05
2.0948842575307935e-05
2.261755616927985e-05
2.4441083951387554e-05
2.642551771714352e-05
2.859851338143926e-05
3.098149682045914e-05
3.358480171300471e-05
3.644655953394249e-05
3.959777677664533e-05
4.305587208364159e-05
4.6874753024894744e-05
5.1100407290505245e-05
5.5762327974662185e-05
6.093883712310344e-05
6.669994036201388e-05
7.30967876734212e-05
8.024675480555743e-05
8.826062548905611e-05
9.722865070216358e-05
0.00010733449744293466
0.00011876111966557801
0.00013167322322260588
0.00014637364074587822
0.00016318187408614904
0.0001824125793064013
0.00020462890097405761
0.00023031243472360075
0.00026028038701042533
0.0002954864175990224
0.00033701787469908595
0.00038656804827041924
0.0004462584329303354
0.0005187363713048398
0.0006080776220187545
0.0007198386592790484
0.0008617183775641024
0.0010459767654538155
0.0012913839891552925
0.001627939403988421
0.0021091073285788298
0.0028345396276563406
0.004010024014860392
0.0061375293880701065
0.01075789425522089
0.025381261482834816
1.987113356590271
