11556.515090107918
1.848753571510315
1.9104043245315552
1.9736220836639404
2.0398566722869873
2.1087491512298584
2.1779747009277344
2.2524192333221436
2.3261799812316895
2.40080189704895
2.4739933013916016
2.5504958629608154
2.6250813007354736
2.6990981101989746
2.772479295730591
2.8433754444122314
2.916161298751831
2.9864630699157715
3.055689811706543
3.122748613357544
3.191122531890869
3.257550001144409
3.3232901096343994
3.3874199390411377
3.453707456588745
3.5190646648406982
3.5846493244171143
3.6510612964630127
3.7178757190704346
3.788545846939087
3.86059308052063
3.935392141342163
4.0130615234375
4.097291469573975
4.1860032081604
4.2816853523254395
4.3841352462768555
4.498478889465332
4.623767375946045
4.763772487640381
4.921918869018555
5.10222053527832
5.31301212310791
5.561711311340332
5.862748146057129
6.237390518188477
6.726117134094238
7.398501396179199
10.42216968536377
18.315699577331543
31.2219352722168
