0.026871980109717697
0.00019935793534386903
0.00019540790526662022
0.00019251005141995847
0.00019084455561824143
0.00018987173098139465
0.00019010812684427947
0.0001913672313094139
0.00019384658662602305
0.00019690122280735523
0.00020114202925469726
0.0002063519787043333
0.00021252759324852377
0.00021993396512698382
0.0002278043539263308
0.00023692585818935186
0.0002470779581926763
0.0002586249029263854
0.000270690128672868
0.0002842745743691921
0.00029917433857917786
0.00031590365688316524
0.0003334546054247767
0.00035314125125296414
0.00037480672472156584
0.0003992095007561147
0.0004251952050253749
0.0004545755800791085
0.00048733106814324856
0.000524679955560714
0.0005653707194142044
0.000612125382758677
0.0006653788150288165
0.0007264545420184731
0.000798061431851238
0.0008794536697678268
0.0009763727430254221
0.0010917693143710494
0.0012325412826612592
0.0014015749329701066
0.0016139526851475239
0.0018842096906155348
0.002240000059828162
0.002713123569265008
0.0033804934937506914
0.004368346184492111
0.005951499100774527
0.008748937398195267
0.014735707081854343
0.033372774720191956
1.7933194637298584
