190956.90406513214
12.327571868896484
12.329314231872559
12.3444185256958
12.380261421203613
12.434000015258789
12.493614196777344
12.570159912109375
12.64881420135498
12.739049911499023
12.829227447509766
12.927306175231934
13.022138595581055
13.121850967407227
13.217179298400879
13.315309524536133
13.406493186950684
13.500225067138672
13.586495399475098
13.671463012695312
13.754302024841309
13.831223487854004
13.907943725585938
13.977645874023438
14.048209190368652
14.113727569580078
14.180171966552734
14.241934776306152
14.307148933410645
14.369102478027344
14.43493366241455
14.499351501464844
14.570780754089355
14.643176078796387
14.722023010253906
14.81006145477295
14.903731346130371
15.010209083557129
15.127281188964844
15.26367473602295
15.417521476745605
15.597298622131348
15.80528736114502
16.055789947509766
16.355892181396484
16.728002548217773
17.203088760375977
17.840373992919922
18.76250457763672
20.330610275268555
25.561063766479492
