12354.034769535065
3.312171220779419
3.4842171669006348
3.38127064704895
3.034097909927368
3.196962594985962
2.871655225753784
3.028785467147827
2.723184108734131
2.874831199645996
2.5870609283447266
2.7334704399108887
2.461892604827881
2.603306531906128
2.346485137939453
2.483137369155884
2.239804744720459
2.371920108795166
2.1409552097320557
2.2687485218048096
2.2180120944976807
2.0039730072021484
2.12558650970459
1.921604871749878
2.039393424987793
1.844717025756836
1.9588598012924194
1.7728122472763062
1.883479118347168
1.7054502964019775
1.812801480293274
1.6422390937805176
1.7464258670806885
1.5828295946121216
1.6839948892593384
1.5269091129302979
1.625187873840332
1.474197268486023
1.569717526435852
1.5421040058135986
1.3996626138687134
1.4912168979644775
1.3539750576019287
1.443061113357544
1.310713529586792
1.3974353075027466
1.2697014808654785
1.3541574478149414
1.2307783365249634
1.3130619525909424
1.1937984228134155
