13.047733962535858
0.2633562982082367
0.2687176465988159
0.2745964229106903
0.28139764070510864
0.288777619600296
0.29698389768600464
0.3061503767967224
0.3161039352416992
0.32709991931915283
0.33928194642066956
0.35248175263404846
0.3669881224632263
0.3830040693283081
0.4003424048423767
0.4193657338619232
0.4402484893798828
0.46317780017852783
0.48820212483406067
0.5153767466545105
0.5457502603530884
0.5788739919662476
0.6150384545326233
0.6556057929992676
0.7001575231552124
0.7491915822029114
0.8045549392700195
0.865776777267456
0.9345065355300903
1.012263298034668
1.0996785163879395
1.1992151737213135
1.313593864440918
1.4446182250976562
1.5973179340362549
1.775127649307251
1.9859516620635986
2.238150119781494
2.5414702892303467
2.9168429374694824
3.38443660736084
3.97890043258667
4.76152229309082
5.815967082977295
7.294074058532715
9.49383544921875
12.996459007263184
19.209501266479492
32.446041107177734
72.99107360839844
1023.18017578125
