144.97687715105712
0.02128145843744278
0.020561199635267258
0.019924361258745193
0.019294343888759613
0.018671851605176926
0.01813298650085926
0.017565395683050156
0.017034059390425682
0.016556527465581894
0.016079619526863098
0.015613211318850517
0.015186106786131859
0.014767023734748363
0.014347480610013008
0.01397973857820034
0.01361712533980608
0.013236794620752335
0.012911366298794746
0.012582206167280674
0.012265410274267197
0.01195221021771431
0.011666604317724705
0.011383313685655594
0.011096106842160225
0.010846836492419243
0.010598387569189072
0.010333403944969177
0.01010948047041893
0.009880071505904198
0.009645868092775345
0.009449239820241928
0.00923621840775013
0.009023561142385006
0.008840879425406456
0.008652347140014172
0.008463308215141296
0.0082926657050848
0.008120937272906303
0.007943889126181602
0.007792905904352665
0.007636010646820068
0.007477855775505304
0.007335812319070101
0.007192080840468407
0.007042967714369297
0.006916789337992668
0.006788458675146103
0.006647319067269564
0.006531538441777229
0.0064099919982254505
