2.8437842819839716
0.12891879677772522
0.13473257422447205
0.1408325880765915
0.14744091033935547
0.15439781546592712
0.16172480583190918
0.16968218982219696
0.17809320986270905
0.18698935210704803
0.19667978584766388
0.2069697380065918
0.21790587902069092
0.22986142337322235
0.24262411892414093
0.2562641203403473
0.2712402045726776
0.2873263657093048
0.3047739863395691
0.32358884811401367
0.34439849853515625
0.366976261138916
0.39152514934539795
0.4188694953918457
0.44881707429885864
0.4817070960998535
0.5186744332313538
0.5596316456794739
0.6051816940307617
0.6569794416427612
0.7152203917503357
0.7810415625572205
0.8570751547813416
0.944242000579834
1.0453931093215942
1.163233757019043
1.3036751747131348
1.4709410667419434
1.672633171081543
1.9221709966659546
2.233349084854126
2.6294407844543457
3.1510441303253174
3.854764223098755
4.842823028564453
6.315003395080566
8.664538383483887
12.845979690551758
21.798362731933594
49.56277847290039
844.5035400390625
