3294.837646961212
1.1376171112060547
1.1940306425094604
1.2528355121612549
1.3164608478546143
1.380932331085205
1.446624994277954
1.5128401517868042
1.578991413116455
1.6445355415344238
1.708160400390625
1.7720608711242676
1.8333799839019775
1.8927536010742188
1.9500608444213867
2.005258083343506
2.0583577156066895
2.1087090969085693
2.158642053604126
2.206075429916382
2.252084255218506
2.296854257583618
2.340538501739502
2.3830227851867676
2.4263851642608643
2.469167709350586
2.512301445007324
2.556234121322632
2.601445436477661
2.6483535766601562
2.696875810623169
2.7492048740386963
2.8043057918548584
2.863469123840332
2.9275269508361816
2.9973971843719482
3.0742595195770264
3.1590514183044434
3.2549924850463867
3.363071918487549
3.486762285232544
3.6303722858428955
3.7999954223632812
4.004022598266602
4.258021831512451
4.584399700164795
5.028377532958984
5.686272621154785
6.834923267364502
10.084585189819336
26.404541015625
