10.203949615359306
0.13443750143051147
0.13398508727550507
0.13376383483409882
0.13395671546459198
0.1343798041343689
0.13525909185409546
0.13646817207336426
0.13801074028015137
0.1401105523109436
0.14260216057300568
0.14551201462745667
0.1490822285413742
0.15314263105392456
0.15771827101707458
0.16310161352157593
0.1690082997083664
0.17585141956806183
0.18342813849449158
0.19178791344165802
0.20135177671909332
0.21189773082733154
0.22351330518722534
0.23673631250858307
0.25134041905403137
0.26748448610305786
0.2858804762363434
0.3061451017856598
0.3293248414993286
0.3552839159965515
0.38445818424224854
0.41817358136177063
0.4565187394618988
0.500376284122467
0.5519248247146606
0.6118939518928528
0.6822764277458191
0.7672089338302612
0.8688371777534485
0.9946719408035278
1.1510875225067139
1.3494597673416138
1.610478162765503
1.9612029790878296
2.4512507915496826
3.1788315773010254
4.331920623779297
6.363521099090576
10.647679328918457
23.428293228149414
178.67666625976562
