41456.74493980408
10.56403636932373
11.280034065246582
11.917007446289062
12.446833610534668
12.884734153747559
13.219365119934082
13.473699569702148
13.660390853881836
13.781739234924316
13.863621711730957
13.903435707092285
13.920164108276367
13.920379638671875
13.900731086730957
13.87671947479248
13.849018096923828
13.81253433227539
13.782110214233398
13.746512413024902
13.716355323791504
13.691246032714844
13.663986206054688
13.645675659179688
13.627776145935059
13.615293502807617
13.610808372497559
13.604323387145996
13.607869148254395
13.618009567260742
13.62883472442627
13.65060043334961
13.675064086914062
13.706743240356445
13.748122215270996
13.793246269226074
13.85280990600586
13.91678237915039
13.995673179626465
14.087440490722656
14.193069458007812
14.31653118133545
14.465557098388672
14.640910148620605
14.857170104980469
15.121513366699219
15.463810920715332
15.930944442749023
16.623432159423828
17.909006118774414
14.113682746887207
