12115.746446430683
0.5037664175033569
0.48666977882385254
0.4695282280445099
0.4540991485118866
0.43857434391975403
0.42460009455680847
0.4104916751384735
0.39779335260391235
0.38493141531944275
0.3733571469783783
0.36159825325012207
0.35101574659347534
0.3402344584465027
0.3305378258228302
0.3206278383731842
0.3117181658744812
0.3025874197483063
0.29438191652297974
0.2859499454498291
0.27837637066841125
0.2705731689929962
0.2635681927204132
0.25633275508880615
0.24984097480773926
0.2431192249059677
0.23709195852279663
0.23083633184432983
0.2252306342124939
0.21939897537231445
0.21417653560638428
0.20873136818408966
0.20385846495628357
0.1987665295600891
0.1942129284143448
0.18944433331489563
0.1851830780506134
0.18071137368679047
0.17671804130077362
0.17251910269260406
0.16877226531505585
0.16482453048229218
0.16130459308624268
0.15758855640888214
0.15427786111831665
0.1507759988307953
0.1476585566997528
0.1443549543619156
0.1414162516593933
0.13829639554023743
0.13552336394786835
