0.0014516750659367972
4.817042736249277e-06
5.015754595660837e-06
5.229676389717497e-06
5.450014214147814e-06
5.6909943850769196e-06
5.940195023868e-06
6.209216280694818e-06
6.500125891761854e-06
6.802710231568199e-06
7.134881343517918e-06
7.481691682187375e-06
7.858347998990212e-06
8.268168130598497e-06
8.699188583705109e-06
9.174834303848911e-06
9.67761570791481e-06
1.0227860911982134e-05
1.0831723557203077e-05
1.1475196515675634e-05
1.2191109817649703e-05
1.2959188097738661e-05
1.3808969015371986e-05
1.475234967074357e-05
1.5775551219121553e-05
1.6927762771956623e-05
1.8187503883382306e-05
1.960385088750627e-05
2.1203530195634812e-05
2.2979749701335095e-05
2.501767266949173e-05
2.7308118660585023e-05
2.9947874281788245e-05
3.3010568586178124e-05
3.6533016100293025e-05
4.070695285918191e-05
4.560236993711442e-05
5.1489976613083854e-05
5.8665144024416804e-05
6.74316834192723e-05
7.850014662835747e-05
9.256825433112681e-05
0.0001110891462303698
0.00013626251893583685
0.00017161462164949626
0.00022445029753725976
0.0003088398661930114
0.00045999634312465787
0.0007850236142985523
0.001801900565624237
0.28124141693115234
