145.53701694624033
0.001177463447675109
0.001127174124121666
0.0010796430287882686
0.0010343242902308702
0.0009921242017298937
0.0009517853031866252
0.0009135314612649381
0.0008772275177761912
0.0008427485008724034
0.000809700577519834
0.0007788265356794
0.0007491675205528736
0.0007209243485704064
0.0006940120365470648
0.000668353692162782
0.000643653329461813
0.0006205193931236863
0.0005982053116895258
0.0005768837872892618
0.0005565001629292965
0.0005370035651139915
0.000518167158588767
0.0005004904814995825
0.00048338164924643934
0.00046698751975782216
0.0004512712766882032
0.00043619860662147403
0.00042159188888035715
0.00040786294266581535
0.0003945358912460506
0.00038173486245796084
0.00036943473969586194
0.00035761180333793163
0.0003461237938608974
0.00033531259396113455
0.0003247913846280426
0.0003146648814436048
0.00030491501092910767
0.0002955253003165126
0.0002863803238142282
0.0002777657355181873
0.0002693633723538369
0.00026126211741939187
0.00025344890309497714
0.00024591144756413996
0.0002385555417276919
0.00023162076831795275
0.00022484354849439114
0.00021829902834724635
0.00021197776368353516
