3.970206680747879e-06
2.895449426887353e-07
3.116697087079956e-07
3.357430955475138e-07
3.6182626672598417e-07
3.9025326259434223e-07
4.2121894239244284e-07
4.549864627279021e-07
4.918514946439245e-07
5.321452931639215e-07
5.76316836031765e-07
6.245698500606522e-07
6.775963470317947e-07
7.358699463111407e-07
8.000088769222202e-07
8.70718963597028e-07
9.488081786912517e-07
1.0352066510677105e-06
1.1311315120110521e-06
1.2373957360978238e-06
1.3558548062064801e-06
1.4880558865115745e-06
1.6359676919819321e-06
1.8019131857727189e-06
1.9886372228938853e-06
2.1997025214659516e-06
2.4381884031754453e-06
2.7096309622720582e-06
3.0194987630238757e-06
3.37481583301269e-06
3.7842357869521948e-06
4.2585447772580665e-06
4.811942744709086e-06
5.459867224999471e-06
6.226301138667623e-06
7.139731678762473e-06
8.238706868723966e-06
9.575306648912374e-06
1.122134108300088e-05
1.3278187907417305e-05
1.5895082469796762e-05
1.9286457245470956e-05
2.3801630959496833e-05
3.000043761858251e-05
3.8857779145473614e-05
5.2202140068402514e-05
7.384191849268973e-05
0.00011301427002763376
0.00019801700545940548
0.00046730227768421173
0.09259496629238129
