3449.7311337701976
0.05201772227883339
0.05104025825858116
0.050193678587675095
0.049502886831760406
0.048938751220703125
0.04851364344358444
0.04824072867631912
0.048076219856739044
0.048072509467601776
0.048178479075431824
0.048440203070640564
0.04883716627955437
0.04936808720231056
0.05006585642695427
0.050888944417238235
0.051889900118112564
0.05304565653204918
0.05437764152884483
0.05588497221469879
0.05759083852171898
0.05948645994067192
0.061623476445674896
0.06396165490150452
0.06657673418521881
0.06944087147712708
0.07261399179697037
0.07608502358198166
0.07992428541183472
0.08411667495965958
0.08876542747020721
0.09383592009544373
0.09944778680801392
0.10565533488988876
0.11247490346431732
0.12008606642484665
0.1284872442483902
0.1379271000623703
0.1484403759241104
0.16036447882652283
0.17382575571537018
0.18931110203266144
0.20713761448860168
0.22813287377357483
0.25307443737983704
0.2836820185184479
0.3222197890281677
0.3736717700958252
0.4480994939804077
1.5772272348403931
2.5447611808776855
