0.0014477048097205625
4.5274978219822515e-06
4.704084858531132e-06
4.893933237326564e-06
5.088188117952086e-06
5.300741122482577e-06
5.518976195162395e-06
5.754229732701788e-06
6.008274340274511e-06
6.270564881560858e-06
6.558564564329572e-06
6.857121661596466e-06
7.180751708801836e-06
7.532297786383424e-06
7.899179763626307e-06
8.30411499919137e-06
8.728807188163046e-06
9.192654033540748e-06
9.7005922725657e-06
1.023780077957781e-05
1.0835255125130061e-05
1.1471131983853411e-05
1.2173001778137404e-05
1.29504360302235e-05
1.3786913768853992e-05
1.4728060705238022e-05
1.574931593495421e-05
1.6894220607355237e-05
1.8184031432610936e-05
1.960493318620138e-05
2.123343620041851e-05
2.3049573428579606e-05
2.5135930627584457e-05
2.7550702725420706e-05
3.0306715416372754e-05
3.3567219361430034e-05
3.736366124940105e-05
4.191467087366618e-05
4.744380203192122e-05
5.4153493692865595e-05
6.260506779653952e-05
7.328179344767705e-05
8.728751708986238e-05
0.00010626207949826494
0.00013275684614200145
0.00017224815383087844
0.00023499794770032167
0.0003469820658210665
0.000587006623391062
0.0013345982879400253
0.18864646553993225
