42101.825791448355
0.16490529477596283
0.16798126697540283
0.1717817783355713
0.17630062997341156
0.18143215775489807
0.1872725784778595
0.193842351436615
0.2010277509689331
0.20896443724632263
0.2176758348941803
0.22704826295375824
0.23730173707008362
0.24826671183109283
0.2601325511932373
0.2729591131210327
0.28660744428634644
0.30131611227989197
0.3171590566635132
0.33398768305778503
0.35209351778030396
0.3715795874595642
0.3922804892063141
0.4146572947502136
0.43845412135124207
0.46409010887145996
0.4917374849319458
0.5212203860282898
0.5530684590339661
0.5875291228294373
0.6244348287582397
0.6644781827926636
0.7080268859863281
0.7549628019332886
0.8062302470207214
0.8624148368835449
0.9235484600067139
0.991253674030304
1.0655982494354248
1.148484230041504
1.2415435314178467
1.345930814743042
1.465254545211792
1.6034729480743408
1.765053391456604
1.9597755670547485
2.2022812366485596
2.917845392227173
3.4676413536071777
4.724820375442505
8.531340599060059
