0.05658158223377541
0.0005760802887380123
0.0005759340128861368
0.0005777105689048767
0.0005814579199068248
0.000586336653213948
0.0005933321663178504
0.0006021829904057086
0.0006133225979283452
0.000625832297373563
0.0006408052868209779
0.0006584363291040063
0.0006776685477234423
0.0006998250028118491
0.0007251534843817353
0.0007525110268034041
0.0007834497955627739
0.0008178026764653623
0.0008564768359065056
0.0008980981656350195
0.0009447759366594255
0.0009971270337700844
0.0010537361958995461
0.0011172168888151646
0.0011877544457092881
0.0012670750729739666
0.001353841507807374
0.0014518590178340673
0.0015630100388079882
0.0016861452022567391
0.0018267486011609435
0.0019868826493620872
0.002171641681343317
0.002381602069362998
0.002627006731927395
0.002916398923844099
0.0032544247806072235
0.003660675371065736
0.004155524540692568
0.004757371265441179
0.005513263400644064
0.006478465627878904
0.007748105563223362
0.009453059174120426
0.011859293095767498
0.015443803742527962
0.021148748695850372
0.031345319002866745
0.053181394934654236
0.12147963047027588
5.986872673034668
