1404.9234789460897
0.09191249310970306
0.0888892412185669
0.0860290452837944
0.08323374390602112
0.08070790767669678
0.07823394984006882
0.07586941868066788
0.07375919818878174
0.07146404683589935
0.06941339373588562
0.067395880818367
0.06556182354688644
0.06376329064369202
0.06203119456768036
0.060331832617521286
0.05878843367099762
0.05725742131471634
0.05579353868961334
0.05433771386742592
0.053026776760816574
0.05172077566385269
0.05042145401239395
0.04925283417105675
0.04808244854211807
0.046959418803453445
0.04596342891454697
0.0448206402361393
0.04381106048822403
0.04283098876476288
0.04185599088668823
0.04097573831677437
0.04009012132883072
0.03920693323016167
0.03840876743197441
0.037609703838825226
0.0368337407708168
0.03605184704065323
0.035353727638721466
0.03464541956782341
0.03396182134747505
0.03327072784304619
0.03265044465661049
0.032025497406721115
0.03148074075579643
0.03082497976720333
0.030250679701566696
0.02969115413725376
0.029126832261681557
0.028621196746826172
0.028109075501561165
