0.0004351675638645247
2.647517430887092e-05
2.8149832360213622e-05
2.9949496820336208e-05
3.189164635841735e-05
3.3970496588153765e-05
3.621770520112477e-05
3.8642861909465864e-05
4.126310523133725e-05
4.40976582467556e-05
4.7167999582597986e-05
5.0508231652202085e-05
5.41166118637193e-05
5.8052090025739744e-05
6.23402520432137e-05
6.702068640151992e-05
7.213844219222665e-05
7.774498226353899e-05
8.391584560740739e-05
9.067118662642315e-05
9.81366029009223e-05
0.00010638825915521011
0.00011553290096344426
0.00012569583486765623
0.00013705171295441687
0.00014969712356105447
0.00016391715325880796
0.00017993798246607184
0.0001980629749596119
0.00021866206952836365
0.00024219027545768768
0.0002692654961720109
0.000300440879072994
0.0003367633617017418
0.0003793379000853747
0.00042966564069502056
0.0004897329490631819
0.0005622159806080163
0.0006509280065074563
0.0007606750004924834
0.0008993122028186917
0.0010779359145089984
0.0013139722868800163
0.0016358421416953206
0.0020927537698298693
0.002777407644316554
0.00387957994826138
0.00586289307102561
0.010143870487809181
0.023621341213583946
1.4767343997955322
