18626.286979436874
2.202862501144409
2.238166332244873
2.27789044380188
2.3254923820495605
2.3758468627929688
2.4329826831817627
2.4933812618255615
2.5564420223236084
2.6251704692840576
2.694687843322754
2.768897294998169
2.8440001010894775
2.9201080799102783
2.9989514350891113
3.0770764350891113
3.156938076019287
3.2360119819641113
3.313999891281128
3.3923563957214355
3.468308925628662
3.5438621044158936
3.6171743869781494
3.6873815059661865
3.7568955421447754
3.82222843170166
3.8865015506744385
3.9469573497772217
4.004215240478516
4.059305191040039
4.079187870025635
4.110462188720703
4.159949779510498
4.2056450843811035
4.248399257659912
4.289134979248047
4.326915740966797
4.3629937171936035
4.397222995758057
4.428802013397217
4.460872173309326
4.49101448059082
4.5224504470825195
4.553965091705322
4.5873799324035645
4.625371932983398
4.6678338050842285
4.720876693725586
4.788753032684326
4.8863677978515625
5.056698799133301
