0.05614641495049
0.0005496051162481308
0.0005477842059917748
0.0005477610975503922
0.0005495662917383015
0.0005523661384359002
0.0005571144865825772
0.0005635401466861367
0.0005720594781450927
0.0005817346391268075
0.0005936372908763587
0.0006079280865378678
0.000623551954049617
0.0006417729309760034
0.0006628132541663945
0.0006854903185740113
0.0007113113533705473
0.0007400576723739505
0.0007725610048510134
0.000807426986284554
0.0008466393337585032
0.0008907387382350862
0.0009382033022120595
0.0009915210539475083
0.0010507027618587017
0.0011173778912052512
0.0011899243108928204
0.0012719209771603346
0.0013649470638483763
0.0014674831181764603
0.0015845582820475101
0.0017176172696053982
0.001871200860477984
0.002044838620349765
0.0022476688027381897
0.002486733254045248
0.0027646918315440416
0.0030984594486653805
0.0035045964177697897
0.003996696323156357
0.004613951314240694
0.005400529596954584
0.006434133276343346
0.007817217148840427
0.009766539558768272
0.012666395865380764
0.01726916804909706
0.025482425466179848
0.043037522584199905
0.09785828739404678
4.510138034820557
