97492.81967830658
10.523541450500488
10.712767601013184
10.93212890625
11.171257019042969
11.426753997802734
11.703482627868652
11.991823196411133
12.28793716430664
12.59740161895752
12.909076690673828
13.222396850585938
13.539772987365723
13.850709915161133
14.162632942199707
14.465656280517578
14.76054573059082
15.048702239990234
15.326107025146484
15.59018611907959
15.844086647033691
16.083736419677734
16.311779022216797
16.52587127685547
16.72439956665039
16.9132080078125
17.086280822753906
17.24577522277832
17.395999908447266
17.533287048339844
17.659536361694336
17.777313232421875
17.8854923248291
17.98703956604004
18.083192825317383
18.172855377197266
18.26019287109375
18.346933364868164
18.43167495727539
18.522485733032227
18.614768981933594
18.717851638793945
18.832290649414062
18.96122169494629
19.117216110229492
18.904428100585938
18.94293441772461
18.86150550842285
19.327980041503906
20.147783279418945
21.090288162231445
