186717.83395671844
7.9426751136779785
7.7349324226379395
7.474457263946533
7.287049293518066
7.049196243286133
6.851390838623047
6.689744472503662
6.4808669090271
6.307882785797119
6.167460918426514
5.98275899887085
5.854457378387451
5.683715343475342
5.543364524841309
5.430747985839844
5.278256893157959
5.1534833908081055
5.054093837738037
4.917180061340332
4.8254780769348145
4.697727680206299
4.5940141677856445
4.512425899505615
4.3968353271484375
4.303443908691406
4.2305402755737305
4.12551736831665
4.057738780975342
3.959010124206543
3.879885673522949
3.8189332485198975
3.728671073913574
3.656686305999756
3.6016805171966553
3.5188803672790527
3.467423915863037
3.3891193866729736
3.3271803855895996
3.280500888824463
3.2083041667938232
3.151477813720703
3.1090102195739746
3.042259693145752
3.0023303031921387
2.9388904571533203
2.8893659114837646
2.8528804779052734
2.793978691101074
2.748220920562744
2.714803695678711
