0.48467652685940266
0.006751361768692732
0.006556107196956873
0.006387032568454742
0.006259376183152199
0.006179532501846552
0.006142550613731146
0.006161049008369446
0.0062372442334890366
0.006360125262290239
0.006539224646985531
0.006773040629923344
0.007046313490718603
0.007368775084614754
0.007735231425613165
0.008145487867295742
0.008591393940150738
0.009081571362912655
0.009622619487345219
0.010204372927546501
0.01084140781313181
0.011544957756996155
0.012306123971939087
0.01314484141767025
0.014071110635995865
0.015104965306818485
0.016233239322900772
0.01750045269727707
0.018930528312921524
0.020514491945505142
0.022317200899124146
0.02438141033053398
0.026711348444223404
0.029410749673843384
0.03256388008594513
0.03621372953057289
0.04055669903755188
0.045735280960798264
0.05203687399625778
0.05974242836236954
0.06938691437244415
0.08175481855869293
0.09789881110191345
0.1197403073310852
0.1505865454673767
0.19628703594207764
0.2693844139575958
0.3998965919017792
0.6798601746559143
1.551572561264038
56.49507141113281
