206.3562544286251
0.03348842263221741
0.03240662440657616
0.03143556788563728
0.03058737702667713
0.029640698805451393
0.02887081913650036
0.028272569179534912
0.027235016226768494
0.026565445587038994
0.025804318487644196
0.025140341371297836
0.024547742679715157
0.02387394942343235
0.023287458345294
0.022765032947063446
0.02216506190598011
0.021644070744514465
0.02117612026631832
0.020648790523409843
0.020220285281538963
0.019906891509890556
0.019283665344119072
0.018896615132689476
0.01845402456820011
0.018060702830553055
0.017713205888867378
0.017312413081526756
0.016956936568021774
0.016643714159727097
0.016279354691505432
0.015953348949551582
0.015677018091082573
0.015341071411967278
0.015075506642460823
0.01476222276687622
0.014622343704104424
0.014245064929127693
0.013954611495137215
0.013698880560696125
0.013484389521181583
0.013217106461524963
0.012982312589883804
0.01278618536889553
0.012536901980638504
0.012326037511229515
0.012143582105636597
0.011912915855646133
0.011742987670004368
0.011523665860295296
0.011449936777353287
