0.03244330492452718
0.0016352342208847404
0.0017195724649354815
0.0018083300674334168
0.0019034905126318336
0.002005666494369507
0.002113591879606247
0.002229662612080574
0.0023547003511339426
0.00248732534237206
0.002630476374179125
0.0027852735947817564
0.0029502473771572113
0.0031290710903704166
0.0033233040012419224
0.0035314522683620453
0.003759370418265462
0.004004642367362976
0.004272871650755405
0.004566963762044907
0.004885762929916382
0.005236771889030933
0.0056244428269565105
0.006048362702131271
0.006519051734358072
0.007043611258268356
0.007623407524079084
0.008274001069366932
0.009007399901747704
0.00982905738055706
0.010763714089989662
0.011833210475742817
0.01305271778255701
0.014465466141700745
0.016115201637148857
0.01804187148809433
0.02033819444477558
0.023077979683876038
0.02641199715435505
0.030531184747815132
0.03567737713456154
0.042279668152332306
0.050970807671546936
0.06272048503160477
0.07932883501052856
0.10409784317016602
0.1437356173992157
0.21472521126270294
0.3673466742038727
0.844964325428009
39.42964553833008
