11417.658767461777
3.0052969455718994
3.0489935874938965
3.1047563552856445
3.1640498638153076
3.2333545684814453
3.3119513988494873
3.3943424224853516
3.4877638816833496
3.5848329067230225
3.692898750305176
3.804630994796753
3.9250662326812744
4.053891181945801
4.186251640319824
4.328686237335205
4.474554538726807
4.6295952796936035
4.788169860839844
4.9538984298706055
5.127441883087158
5.303986072540283
5.488646984100342
5.6765546798706055
5.871814250946045
6.070972919464111
6.276233673095703
6.4878740310668945
6.702796936035156
6.924802303314209
7.151462554931641
7.384644508361816
7.625187397003174
7.870873928070068
8.125591278076172
8.388587951660156
8.662997245788574
8.94783878326416
9.248116493225098
9.566316604614258
9.906460762023926
10.27584171295166
10.680316925048828
11.135152816772461
11.654772758483887
12.273120880126953
13.036900520324707
14.038219451904297
15.487537384033203
18.006864547729492
28.970693588256836
