0.4522332241758704
0.00511612743139267
0.0048365346156060696
0.004578702617436647
0.004355885554105043
0.004173866007477045
0.004028958734124899
0.003931386396288872
0.0038825441151857376
0.0038727999199181795
0.003908748272806406
0.003987766802310944
0.004096066113561392
0.004239703994244337
0.0044119274243712425
0.004614035598933697
0.004832023289054632
0.005076928995549679
0.005349747836589813
0.005637409631162882
0.005955644883215427
0.006308186333626509
0.006681681144982576
0.007096479181200266
0.007552058901637793
0.008061354048550129
0.008609832264482975
0.009226451627910137
0.009923129342496395
0.010685433633625507
0.011553485877811909
0.01254819892346859
0.013658631592988968
0.014945284463465214
0.016448678448796272
0.01817185804247856
0.0202185045927763
0.022657301276922226
0.025624878704547882
0.029211245477199554
0.03370954096317291
0.03947514668107033
0.04692799970507622
0.05701982229948044
0.07125771790742874
0.09218919277191162
0.12564879655838013
0.18517138063907623
0.3125135004520416
0.706608235836029
17.0654239654541
