190414.01208114624
20.2348575592041
20.303651809692383
20.405494689941406
20.544790267944336
20.708772659301758
20.8944149017334
21.09496307373047
21.316394805908203
21.54510498046875
21.778064727783203
22.02143669128418
22.263580322265625
22.50423240661621
22.74195671081543
22.978710174560547
23.207021713256836
23.43035316467285
23.643653869628906
23.85251235961914
24.050247192382812
24.24166488647461
24.422828674316406
24.59715461730957
24.765411376953125
24.92693328857422
25.078889846801758
25.23157501220703
25.379552841186523
25.52266502380371
25.667646408081055
25.813671112060547
25.96080780029297
26.115737915039062
26.275367736816406
26.445175170898438
26.63028335571289
26.82882308959961
27.046302795410156
27.293161392211914
27.568042755126953
27.88187599182129
28.243101119995117
28.671428680419922
29.180801391601562
29.803199768066406
30.593358993530273
31.642988204956055
33.151878356933594
35.711341857910156
41.920997619628906
