12342.031797409058
3.920966148376465
3.804487943649292
3.396317481994629
3.596362352371216
3.495288610458374
3.3988499641418457
3.3066978454589844
3.2186272144317627
3.134389638900757
3.0537056922912598
2.7356667518615723
2.908186435699463
2.8368568420410156
2.7683918476104736
2.7025930881500244
2.6393706798553467
2.578535795211792
2.5200014114379883
2.46364688873291
2.2135725021362305
2.361156463623047
2.3105061054229736
2.2616419792175293
2.214475631713867
2.1688995361328125
2.12487530708313
2.0822958946228027
1.874743938446045
2.004473924636841
1.9657965898513794
1.9283558130264282
1.8920692205429077
1.856907844543457
1.8228236436843872
1.78975248336792
1.7576768398284912
1.5853708982467651
1.6987286806106567
1.6692999601364136
1.6406974792480469
1.6129093170166016
1.5858838558197021
1.5596064329147339
1.5340484380722046
1.5091698169708252
1.3632407188415527
1.4632903337478638
1.4402790069580078
1.4178695678710938
1.3960261344909668
