0.33308987156488
0.003820320125669241
0.0038014017045497894
0.0037946123629808426
0.003795162308961153
0.0038078560028225183
0.003832842456176877
0.0038666860200464725
0.003915876150131226
0.003974932711571455
0.004050719551742077
0.004137965384870768
0.004242150112986565
0.004364837892353535
0.004500974901020527
0.004659952595829964
0.004835230298340321
0.005036903545260429
0.005257429555058479
0.005506383255124092
0.005786880385130644
0.006092764437198639
0.006440458819270134
0.006820371840149164
0.007251144852489233
0.007724084425717592
0.008256444707512856
0.00885908305644989
0.009526549838483334
0.010290413163602352
0.011144887655973434
0.012129731476306915
0.013246022164821625
0.014538958668708801
0.0160489771515131
0.017799140885472298
0.01988803781569004
0.022360440343618393
0.025367671623826027
0.0290756244212389
0.03367691859602928
0.03958909958600998
0.04727920517325401
0.057735126465559006
0.07237094640731812
0.09412768483161926
0.12896494567394257
0.1909051090478897
0.32370060682296753
0.736863911151886
24.124996185302734
