3164.270369261503
0.43688541650772095
0.42424625158309937
0.411641925573349
0.3990992605686188
0.3881891667842865
0.37725162506103516
0.36631399393081665
0.3568231165409088
0.3472612500190735
0.3376549482345581
0.32934117317199707
0.32052916288375854
0.31285974383354187
0.3064912259578705
0.2972524166107178
0.29046642780303955
0.28354912996292114
0.2766002118587494
0.2705625295639038
0.26438215374946594
0.258151650428772
0.25275343656539917
0.24720539152622223
0.24159307777881622
0.23674535751342773
0.23174330592155457
0.22666655480861664
0.22229498624801636
0.21776723861694336
0.21315714716911316
0.20920008420944214
0.2050863653421402
0.20088495314121246
0.19729042053222656
0.1932995766401291
0.1899389624595642
0.18642254173755646
0.18276511132717133
0.1796964406967163
0.17647431790828705
0.17311246693134308
0.17030231654644012
0.1673414707183838
0.16424278914928436
0.16166235506534576
0.15893429517745972
0.15607082843780518
0.153695210814476
0.15117549896240234
0.14852291345596313
