0.006934675151569536
0.0003447514900472015
0.00036213721614331007
0.0003806422755587846
0.0004002308996859938
0.0004213836800772697
0.00044384063221514225
0.00046784861478954554
0.0004935465985909104
0.0005210891249589622
0.0005504705477505922
0.0005824072286486626
0.0006166005041450262
0.0006534637650474906
0.000693269947078079
0.000736091926228255
0.0007829824462532997
0.000833656988106668
0.0008888004231266677
0.0009489390067756176
0.0010146814165636897
0.0010863783536478877
0.0011658815201371908
0.001253140508197248
0.0013496073661372066
0.0014566127210855484
0.001575225847773254
0.0017088403692469
0.0018582801567390561
0.0020267965737730265
0.002217799425125122
0.0024347002618014812
0.002685092156752944
0.0029733965639024973
0.0033088845666497946
0.0037026505451649427
0.0041693467646837234
0.004727081395685673
0.005407377611845732
0.006243840325623751
0.007292636204510927
0.008635484613478184
0.010395537130534649
0.01278900820761919
0.016162894666194916
0.02118561416864395
0.029236899688839912
0.043641868978738785
0.0745382010936737
0.1713351011276245
7.4680399894714355
