66445.2489862442
12.018163681030273
12.129860877990723
12.274662017822266
12.451221466064453
12.647381782531738
12.872702598571777
13.127211570739746
13.398255348205566
13.698360443115234
14.013193130493164
14.352846145629883
14.713890075683594
15.087594032287598
15.48373794555664
15.889747619628906
16.314973831176758
16.755535125732422
17.20417594909668
17.668127059936523
18.140579223632812
18.6242733001709
19.11921501159668
19.61759376525879
20.13021469116211
20.645519256591797
21.17009162902832
21.703577041625977
22.239765167236328
22.78986930847168
23.343908309936523
23.909351348876953
24.485780715942383
25.07546043395996
25.6810302734375
26.307193756103516
26.954328536987305
27.63127899169922
28.346702575683594
29.107425689697266
29.928768157958984
30.821897506713867
31.821123123168945
32.949195861816406
34.26213073730469
35.8377685546875
37.8023796081543
40.415592193603516
44.212039947509766
50.82692337036133
77.91392517089844
