0.326155194779858
0.003475568722933531
0.003439264604821801
0.0034139701165258884
0.003394931321963668
0.003386472351849079
0.0033890018239617348
0.003398837521672249
0.003422329667955637
0.003453843528404832
0.0035002492368221283
0.003555558156222105
0.0036255493760108948
0.0037113740108907223
0.0038077051285654306
0.003923860844224691
0.004052247852087021
0.0042032464407384396
0.004368629306554794
0.0045574442483484745
0.004772198852151632
0.005006385967135429
0.005274577531963587
0.005567231215536594
0.005901537369936705
0.006267471704632044
0.00668121874332428
0.0071502430364489555
0.007668269798159599
0.00826361682265997
0.008927088230848312
0.009695031680166721
0.010560929775238037
0.011565562337636948
0.012740092352032661
0.014096491038799286
0.015718691051006317
0.017633359879255295
0.019960293546319008
0.022831784561276436
0.02638428285717964
0.03095361404120922
0.03688366711139679
0.04494611918926239
0.0562080517411232
0.07294207066297531
0.0997280403971672
0.14726324379444122
0.24916239082813263
0.5655288100242615
16.65695571899414
