404916.1508102417
107.15498352050781
107.41078186035156
107.7936782836914
108.310302734375
108.95491790771484
109.69815826416016
110.53849029541016
111.44630432128906
112.42584991455078
113.45042419433594
114.50908660888672
115.60486602783203
116.70831298828125
117.83052825927734
118.94278717041016
120.05850982666016
121.15609741210938
122.22772216796875
123.28802490234375
124.30876922607422
125.31123352050781
126.26811218261719
127.20143127441406
128.09523010253906
128.94601440429688
129.77474975585938
130.54849243164062
131.32261657714844
132.04592895507812
132.75779724121094
133.44503784179688
134.10682678222656
134.77655029296875
135.42991638183594
136.1052703857422
136.78836059570312
137.4910125732422
138.25030517578125
139.04812622070312
139.94073486328125
140.91798400878906
142.0529327392578
143.3507080078125
144.88088989257812
146.76637268066406
149.1192626953125
152.24502563476562
156.6811065673828
164.05140686035156
185.48243713378906
