209065.5238494873
14.81554126739502
14.261048316955566
13.745274543762207
13.255387306213379
12.789694786071777
12.355417251586914
11.924413681030273
11.522367477416992
11.13894271850586
10.773011207580566
10.430964469909668
10.089277267456055
9.769855499267578
9.464192390441895
9.178053855895996
8.890871047973633
8.62204360961914
8.364175796508789
8.116703033447266
7.884702682495117
7.650607109069824
7.4311652183532715
7.220139980316162
7.017110824584961
6.826567649841309
6.633359909057617
6.452065944671631
6.277331829071045
6.1132283210754395
5.946226119995117
5.7894206047058105
5.638055324554443
5.491892337799072
5.354525089263916
5.214147090911865
5.082249641418457
4.954707145690918
4.831329822540283
4.715328216552734
4.596316814422607
4.484443664550781
4.376092433929443
4.271124362945557
4.172392845153809
4.070737361907959
3.975139856338501
3.8824269771575928
3.795206308364868
3.7051503658294678
3.6204450130462646
