0.005705760180717334
6.331646727630869e-05
6.240139191504568e-05
6.183856021380052e-05
6.137948366813362e-05
6.102877887315117e-05
6.110146205173805e-05
6.131741247372702e-05
6.178974581416696e-05
6.241428491193801e-05
6.354782817652449e-05
6.48640634608455e-05
6.635284080402926e-05
6.841676076874137e-05
7.068319973768666e-05
7.31420295778662e-05
7.62530107749626e-05
7.959573849802837e-05
8.31675497465767e-05
8.749936387175694e-05
9.212421718984842e-05
9.70492183114402e-05
0.00010290837235515937
0.00010918633051915094
0.0001161402979050763
0.00012360335676930845
0.00013242980639915913
0.0001420134212821722
0.00015243868983816355
0.00016480770136695355
0.00017846045375335962
0.0001936040644068271
0.00021171968546696007
0.00023216940462589264
0.00025541597278788686
0.000283664558082819
0.0003165419911965728
0.00035585061414167285
0.000402674573706463
0.0004619090468622744
0.0005351445288397372
0.0006275677587836981
0.0007512963493354619
0.0009173157159239054
0.0011491060722619295
0.0014984668232500553
0.0020550363697111607
0.003043276723474264
0.005178211256861687
0.01184876263141632
1.1339831352233887
