206.652566768229
0.023092040792107582
0.022281372919678688
0.021745288744568825
0.021005233749747276
0.020412735641002655
0.01995338685810566
0.01930355653166771
0.018887493759393692
0.0181039497256279
0.017915960401296616
0.017363453283905983
0.016927756369113922
0.016598548740148544
0.016105826944112778
0.015804754570126534
0.015346851199865341
0.01507086306810379
0.014644318260252476
0.014390763826668262
0.013993922621011734
0.013684900477528572
0.013460745103657246
0.013100124895572662
0.01289316825568676
0.012554824352264404
0.01236340869218111
0.012045394629240036
0.011682411655783653
0.01163526251912117
0.011344457045197487
0.011185756884515285
0.010911307297647
0.010763712227344513
0.010504305362701416
0.010310444049537182
0.01017772313207388
0.009938695468008518
0.009814849123358727
0.00958814937621355
0.009472446516156197
0.009257160127162933
0.009148944169282913
0.008944251574575901
0.00879454892128706
0.008696453645825386
0.008506258949637413
0.008414268493652344
0.008147206157445908
0.008147893473505974
0.007974778302013874
