3.2065038162443216e-05
2.2744359284843085e-06
2.443040557409404e-06
2.626522928039776e-06
2.825299361575162e-06
3.04080799651274e-06
3.276006736996351e-06
3.531127504174947e-06
3.810155703831697e-06
4.1141247493214905e-06
4.445593731361441e-06
4.8094639168994036e-06
5.2067193792026956e-06
5.644023531203857e-06
6.123803359514568e-06
6.650919658568455e-06
7.233967153297272e-06
7.875950359448325e-06
8.58869134390261e-06
9.378055437991861e-06
1.0254039807477966e-05
1.1232988072151784e-05
1.232334125234047e-05
1.3548205060942564e-05
1.4922520676918793e-05
1.6469146430608816e-05
1.8223032384412363e-05
2.021165164478589e-05
2.247523116238881e-05
2.5073417418752797e-05
2.8055566872353666e-05
3.1513474823441356e-05
3.553343049134128e-05
4.0237107896246016e-05
4.580031963996589e-05
5.240795508143492e-05
6.0362603107932955e-05
7.00165910529904e-05
8.187849743990228e-05
9.670682629803196e-05
0.00011550421913852915
0.0001399035390932113
0.00017231445235665888
0.00021672877483069897
0.00028019287856295705
0.00037561083445325494
0.0005303202196955681
0.0008099061087705195
0.0014160843566060066
0.003335043089464307
0.4817388355731964
