11623.568332731724
0.9755637645721436
0.9760295152664185
0.9788489937782288
0.9839062690734863
0.9910132884979248
1.0000765323638916
1.0109375715255737
1.0234525203704834
1.037479043006897
1.052898645401001
1.0682071447372437
1.087255835533142
1.10594642162323
1.1254894733428955
1.1457698345184326
1.1667263507843018
1.188165307044983
1.210107445716858
1.2324644327163696
1.2551873922348022
1.278286337852478
1.3016245365142822
1.3253313302993774
1.3493717908859253
1.3737993240356445
1.397775650024414
1.424165964126587
1.4501781463623047
1.477014183998108
1.5048307180404663
1.533799171447754
1.5642096996307373
1.5963906049728394
1.630526065826416
1.667257308959961
1.7070683240890503
1.7506502866744995
1.7989190816879272
1.8527461290359497
1.9131089448928833
1.9839142560958862
2.065781593322754
2.163240909576416
2.282198667526245
2.4315996170043945
2.6277871131896973
2.9016597270965576
8.324584484100342
19.123287677764893
68.21611785888672
