0.005673695166478865
6.10420320299454e-05
5.9958350902888924e-05
5.921203410252929e-05
5.855418567080051e-05
5.798797064926475e-05
5.782545849797316e-05
5.77862883801572e-05
5.7979588746093214e-05
5.830016380059533e-05
5.910223626415245e-05
6.005459727020934e-05
6.114612187957391e-05
6.277273496380076e-05
6.45593972876668e-05
6.64911131025292e-05
6.901904271217063e-05
7.171979086706415e-05
7.457885658368468e-05
7.812130934325978e-05
8.187017374439165e-05
8.581623114878312e-05
9.05850320123136e-05
9.563812636770308e-05
0.0001012177744996734
0.00010713420488173142
0.00011420677037676796
0.0001218017641804181
0.00012996346049476415
0.00013973428576719016
0.00015040488506201655
0.00016209059685934335
0.00017618625133764
0.00019193229672964662
0.0002096156676998362
0.00023125659208744764
0.00025617939536459744
0.00028583401581272483
0.0003207960689906031
0.00036520222784020007
0.0004196403024252504
0.00048766424879431725
0.0005789818824268878
0.0007005869410932064
0.0008689131936989725
0.0011228559305891395
0.0015247161500155926
0.0022333706729114056
0.0037621266674250364
0.008513719774782658
0.6522443294525146
