191217.9445462227
7.885188102722168
7.992596626281738
8.111909866333008
8.238410949707031
8.36307430267334
8.489171028137207
8.607556343078613
8.720659255981445
8.826495170593262
8.9203462600708
9.005851745605469
9.07864761352539
9.141839981079102
9.19595718383789
9.238195419311523
9.273550033569336
9.298552513122559
9.317177772521973
9.330641746520996
9.336459159851074
9.339760780334473
9.337584495544434
9.334407806396484
9.328413963317871
9.320934295654297
9.314715385437012
9.307016372680664
9.302072525024414
9.297846794128418
9.295950889587402
9.297006607055664
9.299993515014648
9.308531761169434
9.320673942565918
9.338348388671875
9.361770629882812
9.39098834991455
9.428827285766602
9.474021911621094
9.52941608428955
9.5978364944458
9.679415702819824
9.780226707458496
9.903491020202637
10.058737754821777
10.259148597717285
10.528618812561035
10.922799110412598
11.595606803894043
12.571486473083496
