12376.861101388931
2.745753765106201
2.554762125015259
2.589740753173828
2.412278890609741
2.447920560836792
2.282526731491089
2.3185510635375977
2.163968801498413
2.1096277236938477
2.1458237171173096
2.0053791999816895
2.0414888858795166
1.9094140529632568
1.945314645767212
1.8208398818969727
1.856436014175415
1.7388840913772583
1.7741001844406128
1.662874460220337
1.6976534128189087
1.5922247171401978
1.626522421836853
1.5264201164245605
1.560204029083252
1.465009093284607
1.498254656791687
1.4075909852981567
1.440281867980957
1.3538118600845337
1.3859374523162842
1.3033572435379028
1.334911584854126
1.2559465169906616
1.2869277000427246
1.2113288640975952
1.2417374849319458
1.1692792177200317
1.199118971824646
1.1295957565307617
1.1588717699050903
1.092095971107483
1.120815396308899
1.0566154718399048
1.084786295890808
1.0230052471160889
1.0506367683410645
0.9911306500434875
1.0182329416275024
0.9608684182167053
0.9874517321586609
