0.9331364445388317
0.012539607472717762
0.012475983239710331
0.012454288080334663
0.012460870668292046
0.012515721842646599
0.012607945129275322
0.012740852311253548
0.0129315834492445
0.01316756196320057
0.013451194390654564
0.01380318682640791
0.014209387823939323
0.01467178575694561
0.01521533727645874
0.015822477638721466
0.01650013029575348
0.01727461628615856
0.01812056638300419
0.019080089405179024
0.020135464146733284
0.021294550970196724
0.022601619362831116
0.024039331823587418
0.02561974711716175
0.027407944202423096
0.029384419322013855
0.031576476991176605
0.034067459404468536
0.03685425966978073
0.03998476266860962
0.043585456907749176
0.04768078029155731
0.052362941205501556
0.057858359068632126
0.06421923637390137
0.07180090993642807
0.08081965148448944
0.09168153256177902
0.10511740297079086
0.12185356020927429
0.14313362538814545
0.17113104462623596
0.20890438556671143
0.2618764042854309
0.34077829122543335
0.4666350781917572
0.6905555725097656
1.170175552368164
2.6583681106567383
71.86509704589844
