1403.7511376738548
0.13619780540466309
0.131610706448555
0.12718366086483002
0.1231471598148346
0.11920548230409622
0.11538726091384888
0.11190478503704071
0.10878625512123108
0.10516608506441116
0.1021403819322586
0.0991644412279129
0.09626980870962143
0.09360868483781815
0.09100484848022461
0.08845740556716919
0.08611606806516647
0.08381839096546173
0.0815640315413475
0.07971808314323425
0.07744991779327393
0.07544508576393127
0.07360436022281647
0.07178804278373718
0.06999659538269043
0.068353071808815
0.06673157215118408
0.06511516124010086
0.06364597380161285
0.062188614159822464
0.060910992324352264
0.05940660089254379
0.058091916143894196
0.056775253266096115
0.05558096989989281
0.0543907955288887
0.05319618806242943
0.05211692303419113
0.05102981999516487
0.04994559660553932
0.048964451998472214
0.048120006918907166
0.04698185250163078
0.046087395399808884
0.045182645320892334
0.04427671059966087
0.043458979576826096
0.0426301583647728
0.04179874062538147
0.04104921966791153
0.04026072844862938
