0.03222905984148383
0.001563064637593925
0.0016396070132032037
0.0017209957586601377
0.0018076279666274786
0.0018999370513483882
0.0019977125339210033
0.0021035424433648586
0.0022160010412335396
0.0023364131338894367
0.002465515863150358
0.0026041336823254824
0.002753193024545908
0.002913734409958124
0.0030869306065142155
0.003272961126640439
0.003476701444014907
0.0036965690087527037
0.003935602027922869
0.004196051973849535
0.004480511415749788
0.0047919861972332
0.005133968777954578
0.0055105360224843025
0.005924393888562918
0.006387316156178713
0.006900078617036343
0.007472689729183912
0.008114875294268131
0.008838454261422157
0.009657911956310272
0.010591179132461548
0.011660675518214703
0.012890120036900043
0.014329145662486553
0.01601199433207512
0.018005071207880974
0.020391955971717834
0.023287281394004822
0.026852058246731758
0.031318653374910355
0.03703375160694122
0.04451818764209747
0.05469248443841934
0.06902369111776352
0.09034512937068939
0.12450176477432251
0.1855742484331131
0.3166130781173706
0.7264969348907471
28.958229064941406
