18514.04567193985
3.687466621398926
3.7290685176849365
3.77730393409729
3.833791732788086
3.893071174621582
3.959423303604126
4.031126976013184
4.107787132263184
4.188477516174316
4.2732744216918945
4.361816883087158
4.454362392425537
4.547190189361572
4.643900394439697
4.742060661315918
4.841979026794434
4.943360805511475
5.045007705688477
5.148486137390137
5.2502923011779785
5.352474689483643
5.45457124710083
5.556397438049316
5.656801700592041
5.756513595581055
5.856359004974365
5.952531814575195
6.0486836433410645
6.143970012664795
6.237344264984131
6.3299665451049805
6.42171049118042
6.513227939605713
6.604358196258545
6.694561958312988
6.786661624908447
6.879405498504639
6.974970817565918
7.074474811553955
7.178203105926514
7.290175914764404
7.411294937133789
7.54591703414917
7.70019006729126
7.8830461502075195
8.106870651245117
8.399703025817871
8.819436073303223
9.535316467285156
10.309976577758789
