0.9009073795750737
0.010976542718708515
0.010836375877261162
0.010733292438089848
0.010653242468833923
0.010615784674882889
0.010610232129693031
0.010637310333549976
0.01071558240801096
0.010831148363649845
0.010985678993165493
0.01119905337691307
0.011456194333732128
0.011758050881326199
0.012128406204283237
0.012549515813589096
0.013023429550230503
0.013578047044575214
0.014184964820742607
0.014884037896990776
0.015654953196644783
0.016502564772963524
0.017467649653553963
0.01852879673242569
0.019695352762937546
0.02102062851190567
0.022484341636300087
0.024103788658976555
0.02595258317887783
0.028015807271003723
0.030326852574944496
0.03299427777528763
0.036020103842020035
0.03947282209992409
0.043529212474823
0.04820724576711655
0.053795840591192245
0.060427699238061905
0.0683942511677742
0.07826534658670425
0.09053490310907364
0.10609987378120422
0.1266128569841385
0.15421190857887268
0.19285272061824799
0.25043317675590515
0.3421333134174347
0.5049813389778137
0.8535624146461487
1.9318712949752808
42.9068717956543
