97102.48881816864
14.28679370880127
14.379483222961426
14.522701263427734
14.701231002807617
14.926193237304688
15.190316200256348
15.492414474487305
15.828176498413086
16.20044708251953
16.593786239624023
17.01650619506836
17.463590621948242
17.93023109436035
18.416318893432617
18.911638259887695
19.420352935791016
19.93626594543457
20.458765029907227
20.981842041015625
21.508798599243164
22.026592254638672
22.54061508178711
23.049057006835938
23.546977996826172
24.03241729736328
24.509624481201172
24.966997146606445
25.41081428527832
25.84110450744629
26.25372886657715
26.65243911743164
27.036428451538086
27.40054702758789
27.755090713500977
28.096261978149414
28.425573348999023
28.750102996826172
29.06959342956543
29.384105682373047
29.707231521606445
30.037466049194336
30.389875411987305
30.771501541137695
31.194480895996094
31.690898895263672
32.29125213623047
33.0638542175293
34.15473175048828
35.96452713012695
38.6734504699707
