186617.1967754364
11.450873374938965
11.056429862976074
10.72960090637207
10.463505744934082
10.11960506439209
9.835904121398926
9.606538772583008
9.304404258728027
9.056303977966309
8.857185363769531
8.589921951293945
8.408066749572754
8.160944938659668
7.9596333503723145
7.800114154815674
7.5793232917785645
7.40035343170166
7.259659290313721
7.06135892868042
6.901424407958984
6.776719093322754
6.597754955291748
6.454158306121826
6.343122482299805
6.180906772613525
6.077905654907227
5.925637722015381
5.804502964019775
5.712167739868164
5.573240280151367
5.463290214538574
5.380217552185059
5.253013610839844
5.152866363525391
5.077873229980469
4.961019992828369
4.8908514976501465
4.780243873596191
4.693919658660889
4.630253314971924
4.528143882751465
4.448868751525879
4.390936374664307
4.29641580581665
4.223415851593018
4.170566558837891
4.082847595214844
4.015452861785889
3.9671261310577393
3.8855249881744385
