0.005924205735936994
2.3015572878648527e-05
2.3825317839509808e-05
2.460832183714956e-05
2.5475768779870123e-05
2.6396070097689517e-05
2.7373516786610708e-05
2.841297464328818e-05
2.951975511678029e-05
3.069988815695979e-05
3.1960098567651585e-05
3.330780236865394e-05
3.480539089650847e-05
3.6303288652561605e-05
3.796919554588385e-05
3.976385050918907e-05
4.170104512013495e-05
4.3797033868031576e-05
4.6069861127762124e-05
4.854089638683945e-05
5.1234615966677666e-05
5.426210191217251e-05
5.741258792113513e-05
6.0964550357311964e-05
6.488551298389211e-05
6.923013279447332e-05
7.406259828712791e-05
7.946214464027435e-05
8.552199142286554e-05
9.235859761247411e-05
0.00010011408448917791
0.00010912471043411642
0.00011914390051970258
0.0001309081126237288
0.00014463246043305844
0.0001607842423254624
0.00017998988914769143
0.00020309083629399538
0.00023123869323171675
0.0002660707104951143
0.0003103722119703889
0.00036645180080085993
0.000440979958511889
0.0005425254930742085
0.0006866361945867538
0.0009023317834362388
0.001250018016435206
0.0018755788914859295
0.003226147498935461
0.007480177097022533
0.9025177359580994
