145.5293065289734
0.0012595962034538388
0.0012117730220779777
0.0011712457053363323
0.0011327961692586541
0.0011005806736648083
0.0010615247301757336
0.001028554979711771
0.0009972195839509368
0.0009711922612041235
0.0009387950412929058
0.0009116475121118128
0.0008857178036123514
0.0008644500048831105
0.0008372068987227976
0.0008145782048813999
0.0007929016719572246
0.0007721252040937543
0.0007553142495453358
0.0007330571534112096
0.0007147434516809881
0.0006971379043534398
0.0006830555503256619
0.0006639182684011757
0.000648273213300854
0.0006332292105071247
0.0006213165470398962
0.0006047161296010017
0.0005912550259381533
0.0005782671505585313
0.000568132905755192
0.000553601305000484
0.0005419284570962191
0.0005306404200382531
0.0005219470476731658
0.0005091486382298172
0.0004989412263967097
0.0004890694399364293
0.0004815561114810407
0.0004702092846855521
0.0004612324992194772
0.00045253708958625793
0.000444102130131796
0.0004377958248369396
0.00042794767068699
0.0004202385898679495
0.0004127573629375547
0.00040724477730691433
0.0003983935748692602
0.0003915306879207492
0.0003848538617603481
