1.4656922113776005e-06
1.7395312568169174e-07
1.9538538253982551e-07
2.1956890350338654e-07
2.46925566216305e-07
2.779026431198872e-07
3.1295138569475967e-07
3.5273501453048084e-07
3.978385052505473e-07
4.491105016768415e-07
5.074684850114863e-07
5.738573918279144e-07
6.496440505543433e-07
7.360857807725552e-07
8.349734343937598e-07
9.482806149208045e-07
1.078105697160936e-06
1.22741482755373e-06
1.3990879779157694e-06
1.5971423863447853e-06
1.826124048420752e-06
2.0910351850034203e-06
2.398825017735362e-06
2.7566563858272275e-06
3.174359790136805e-06
3.663449206214864e-06
4.237113444105489e-06
4.913577868137509e-06
5.712800884793978e-06
6.662201485596597e-06
7.79525998950703e-06
9.152531674772035e-06
1.0790202395583037e-05
1.277532192034414e-05
1.5202231224975549e-05
1.8188253307016566e-05
2.1899142666370608e-05
2.65590388153214e-05
3.247442509746179e-05
4.009879194200039e-05
5.007707659387961e-05
6.340885011013597e-05
8.166062616510317e-05
0.00010739728168118745
0.00014516864030156285
0.00020350415434222668
0.0003004214959219098
0.0004798734444193542
0.0008778735646046698
0.0021650390699505806
0.38119441270828247
