3369.735904455185
0.8130971193313599
0.8356608152389526
0.8601552248001099
0.8852635025978088
0.910853922367096
0.9378835558891296
0.9650858044624329
0.9923750162124634
1.0206300020217896
1.048403263092041
1.0768784284591675
1.1050478219985962
1.1328703165054321
1.1610459089279175
1.1887725591659546
1.2160124778747559
1.2435530424118042
1.2705683708190918
1.2971183061599731
1.3239336013793945
1.3503391742706299
1.3764156103134155
1.4029525518417358
1.428976058959961
1.4556368589401245
1.482340931892395
1.5092427730560303
1.537100076675415
1.5654895305633545
1.594641089439392
1.6253644227981567
1.6573330163955688
1.690953254699707
1.7269036769866943
1.7652133703231812
1.8069896697998047
1.8523695468902588
1.902174949645996
1.9579941034317017
2.0205752849578857
2.0918593406677246
2.1747119426727295
2.2723710536956787
2.389842987060547
2.536311626434326
2.7257862091064453
2.9861247539520264
3.3811957836151123
4.10998010635376
10.776515007019043
