0.005922739964262291
2.284161928400863e-05
2.3629932911717333e-05
2.4388753445236944e-05
2.5228842787328176e-05
2.6118166715605184e-05
2.7060565116698854e-05
2.8060239856131375e-05
2.912191666837316e-05
3.025077785423491e-05
3.145262962789275e-05
3.2733943953644484e-05
3.415574610698968e-05
3.556720184860751e-05
3.713422120199539e-05
3.8815571315353736e-05
4.062294101458974e-05
4.256961983628571e-05
4.467077451408841e-05
4.694375456892885e-05
4.94084924866911e-05
5.2171068091411144e-05
5.5013762903399765e-05
5.820789374411106e-05
6.171115092001855e-05
6.556668085977435e-05
6.982548802625388e-05
7.454856677213684e-05
7.980919326655567e-05
8.569639612687752e-05
9.231882722815499e-05
9.997218148782849e-05
0.00010835369903361425
0.00011813278979388997
0.0001294302346650511
0.00014259599265642464
0.0001580907410243526
0.0001765318011166528
0.00019876427541021258
0.00022597191855311394
0.0002602951426524669
0.00030304293613880873
0.0003593193250708282
0.0004351281968411058
0.0005414675688371062
0.0006988276145420969
0.0009495965205132961
0.0013957053888589144
0.002348273992538452
0.005315138027071953
0.5213233232498169
