42082.24417927861
0.3207955062389374
0.3278251588344574
0.3377041220664978
0.35037633776664734
0.3657892942428589
0.3839322030544281
0.4046404957771301
0.42787763476371765
0.45356476306915283
0.48153138160705566
0.5116392970085144
0.5438001751899719
0.5778077840805054
0.6134499907493591
0.6506648063659668
0.6891599893569946
0.7288740873336792
0.7695402503013611
0.8109941482543945
0.8531553745269775
0.8957997560501099
0.9387722015380859
0.9820863604545593
1.025528073310852
1.0690324306488037
1.1126556396484375
1.1562917232513428
1.199925184249878
1.2437766790390015
1.2877858877182007
1.3320492506027222
1.3769899606704712
1.4225467443466187
1.469298243522644
1.5174354314804077
1.5674618482589722
1.6201828718185425
1.6761430501937866
1.736358642578125
1.8023180961608887
1.8755619525909424
1.9583995342254639
2.0545461177825928
2.1686766147613525
2.30886173248291
2.489104986190796
2.735499382019043
3.108309507369995
3.800316572189331
8.863289833068848
