2.602675672620535
0.03812216594815254
0.03869178891181946
0.03933173045516014
0.040091291069984436
0.04094113036990166
0.041884660720825195
0.04296700656414032
0.044141985476017
0.045473042875528336
0.046924933791160583
0.04850661754608154
0.050276875495910645
0.052196986973285675
0.054306454956531525
0.056591689586639404
0.05913279950618744
0.06189286336302757
0.06489134579896927
0.06822453439235687
0.07183046638965607
0.0758451521396637
0.08023536205291748
0.08504538983106613
0.09042580425739288
0.09632056951522827
0.10294661670923233
0.11025980114936829
0.11853297054767609
0.12779414653778076
0.13820761442184448
0.1501440405845642
0.16366954147815704
0.17935745418071747
0.19747740030288696
0.21857866644859314
0.24365809559822083
0.2734876871109009
0.30957669019699097
0.35370269417762756
0.4090802073478699
0.47953158617019653
0.5714430809020996
0.6959738731384277
0.8703595399856567
1.1295764446258545
1.5427322387695312
2.277212142944336
3.8470733165740967
8.708121299743652
259.8226318359375
