206.1202740445733
0.041426289826631546
0.03996875509619713
0.038911834359169006
0.03787880763411522
0.03660551831126213
0.03577941656112671
0.03461078554391861
0.03386233374476433
0.03297291696071625
0.03191973268985748
0.03128999471664429
0.030315734446048737
0.029741747304797173
0.029002757743000984
0.02814897894859314
0.02763049490749836
0.026989471167325974
0.02620657905936241
0.02576576918363571
0.02503453753888607
0.024629080668091774
0.02408210188150406
0.02343364804983139
0.0230609979480505
0.02245255745947361
0.022107794880867004
0.021659769117832184
0.02109246514737606
0.020796960219740868
0.020206337794661522
0.01998908258974552
0.019596608355641365
0.019116969779133797
0.018860328942537308
0.018512997776269913
0.018061038106679916
0.017840255051851273
0.017411738634109497
0.017205804586410522
0.016896355897188187
0.016509326174855232
0.016314111649990082
0.015946125611662865
0.01576327532529831
0.015502513386309147
0.015152016654610634
0.014994414523243904
0.014745446853339672
0.014427047222852707
0.014275909401476383
