0.34675859473645687
0.014699325896799564
0.015307867899537086
0.015951789915561676
0.016633860766887665
0.01735713891685009
0.01812499389052391
0.018941175192594528
0.019809801131486893
0.020735496655106544
0.02172335609793663
0.02277912013232708
0.023909177631139755
0.025135498493909836
0.026422612369060516
0.027822552248835564
0.029331518337130547
0.030961383134126663
0.03272555023431778
0.03463946282863617
0.03672082722187042
0.03899010643362999
0.04147116094827652
0.044191714376211166
0.047184355556964874
0.05048752203583717
0.054146911948919296
0.05821707099676132
0.06276378780603409
0.06786671280860901
0.07362363487482071
0.08015511184930801
0.08761201053857803
0.09618444740772247
0.10611597448587418
0.11772225052118301
0.13141964375972748
0.14785628020763397
0.16754001379013062
0.19179174304008484
0.2220793068408966
0.26070770621299744
0.3112489879131317
0.37950339913368225
0.47548577189445496
0.6178670525550842
0.8453049659729004
1.2508349418640137
2.1185860633850098
4.825717926025391
199.50927734375
