11262.25246667862
4.639676570892334
4.890350818634033
5.149120330810547
5.41220235824585
5.6769514083862305
5.940402984619141
6.200203895568848
6.453770160675049
6.699859142303467
6.936967372894287
7.164368152618408
7.380840301513672
7.586646556854248
7.781707763671875
7.966660022735596
8.140563011169434
8.305709838867188
8.4620943069458
8.610530853271484
8.753008842468262
8.888816833496094
9.021001815795898
9.149053573608398
9.27580738067627
9.400931358337402
9.526683807373047
9.65285587310791
9.784392356872559
9.91859245300293
10.05841064453125
10.205477714538574
10.361650466918945
10.52763843536377
10.70655632019043
10.900481224060059
11.112067222595215
11.345588684082031
11.603128433227539
11.891618728637695
12.21716594696045
12.589316368103027
13.01880168914795
13.524754524230957
14.132275581359863
14.883967399597168
15.84756088256836
17.15771484375
19.112882614135742
22.62856674194336
39.35310745239258
