2.2559170741587877
0.023422840982675552
0.023383919149637222
0.023379940539598465
0.02345743030309677
0.023583991453051567
0.023759664967656136
0.02402583137154579
0.024332184344530106
0.02473754622042179
0.025201577693223953
0.025727495551109314
0.02636769786477089
0.02706148847937584
0.02788384258747101
0.02876913733780384
0.02980128303170204
0.03093148022890091
0.03216579556465149
0.0335850715637207
0.035109639167785645
0.03685504198074341
0.03876419737935066
0.040853675454854965
0.04324144870042801
0.045833051204681396
0.048799704760313034
0.052042726427316666
0.055769182741642
0.059927430003881454
0.06458398699760437
0.0699889287352562
0.07605753093957901
0.083173006772995
0.09136142581701279
0.10085640847682953
0.11223844438791275
0.1256314069032669
0.14203669130802155
0.16191095113754272
0.18700091540813446
0.2188238799571991
0.2601940631866455
0.3164704740047455
0.39487379789352417
0.5117093920707703
0.6974273324012756
1.0263772010803223
1.728487253189087
3.8824033737182617
60.31336975097656
