189689.59581565857
32.60490036010742
35.34969711303711
37.64753341674805
39.44336700439453
40.748958587646484
41.626609802246094
42.15935516357422
42.43086242675781
42.512725830078125
42.448917388916016
42.302223205566406
42.0946044921875
41.85394287109375
41.594486236572266
41.33504104614258
41.06380844116211
40.81193542480469
40.573585510253906
40.33171463012695
40.11186218261719
39.9110221862793
39.72816848754883
39.535560607910156
39.37934875488281
39.23630142211914
39.09321212768555
38.977298736572266
38.86547088623047
38.77257537841797
38.69401550292969
38.628143310546875
38.57563781738281
38.536659240722656
38.51432800292969
38.50912094116211
38.51633071899414
38.54255294799805
38.5968132019043
38.661766052246094
38.76126480102539
38.888370513916016
39.04943084716797
39.245880126953125
39.508056640625
39.833316802978516
40.262794494628906
40.8405876159668
41.67456817626953
43.063133239746094
47.09751510620117
