12340.734908342361
3.968817710876465
3.8514013290405273
3.5721051692962646
3.6379241943359375
3.536205291748047
3.2849113941192627
3.3505311012268066
3.26171875
3.034189462661743
3.0990254878997803
3.020935297012329
2.8137619495391846
2.8774254322052
2.682159662246704
2.744903087615967
2.680974245071411
2.50173282623291
2.562938928604126
2.505847692489624
2.34061336517334
2.4001739025115967
2.3489370346069336
2.1960268020629883
2.253884792327881
2.207695484161377
2.0656893253326416
2.121826410293579
2.080014705657959
1.9477100372314453
2.002134084701538
1.9641400575637817
1.8405073881149292
1.8932435512542725
1.7748541831970215
1.8264944553375244
1.793838381767273
1.6827186346054077
1.7327388525009155
1.7028007507324219
1.598253607749939
1.6467033624649048
1.6191766262054443
1.520593523979187
1.5675263404846191
1.5421475172042847
1.4489953517913818
1.4944666624069214
1.471008539199829
1.3828171491622925
1.4268825054168701
