32.33859947323799
0.4933273196220398
0.5008742213249207
0.5100079774856567
0.520398736000061
0.5326405167579651
0.5464478731155396
0.5621699094772339
0.5800174474716187
0.5995808243751526
0.6215416193008423
0.6460002064704895
0.6728562712669373
0.7028399109840393
0.7353684902191162
0.7714323401451111
0.8112460970878601
0.8547804355621338
0.9030053615570068
0.9558571577072144
1.0139753818511963
1.0784471035003662
1.149322271347046
1.228261947631836
1.3155195713043213
1.4124341011047363
1.5208144187927246
1.642439365386963
1.7789702415466309
1.9325155019760132
2.107419013977051
2.306056499481201
2.5346500873565674
2.798264503479004
3.103945732116699
3.4637279510498047
3.888448715209961
4.397488594055176
5.016620635986328
5.773906707763672
6.725225925445557
7.938241958618164
9.529029846191406
11.684606552124023
14.706123352050781
19.191743850708008
26.347637176513672
39.03526306152344
65.9466781616211
147.44891357421875
1353.072998046875
