1400.7102401256561
0.2393772155046463
0.23115971684455872
0.224019855260849
0.2179206907749176
0.2105376124382019
0.2045375555753708
0.19927595555782318
0.1929701864719391
0.18757286667823792
0.1824069768190384
0.17803850769996643
0.1725546419620514
0.16815824806690216
0.16433072090148926
0.15958891808986664
0.1555616408586502
0.15168946981430054
0.14832597970962524
0.1443706899881363
0.14091774821281433
0.13804684579372406
0.1343729943037033
0.13127939403057098
0.12868452072143555
0.12533199787139893
0.12262162566184998
0.1199316680431366
0.1177244484424591
0.11480823159217834
0.11237505078315735
0.11035920679569244
0.1076703891158104
0.10552531480789185
0.1033848375082016
0.10165297985076904
0.09929148107767105
0.09733986109495163
0.09574415534734726
0.09354725480079651
0.0918184369802475
0.09036766737699509
0.0883953869342804
0.08678198605775833
0.08516630530357361
0.0838831439614296
0.08205977082252502
0.08064480125904083
0.07947112619876862
0.0778273269534111
0.07649631798267365
