3.138888644054532
0.15127107501029968
0.1586221605539322
0.16650055348873138
0.1747547835111618
0.18368372321128845
0.1930631697177887
0.20314987003803253
0.21401546895503998
0.2254796028137207
0.23785178363323212
0.2512291669845581
0.26541411876678467
0.28089505434036255
0.2973721921443939
0.31528520584106445
0.33480510115623474
0.3557131290435791
0.3785698115825653
0.40362444519996643
0.43066293001174927
0.46060091257095337
0.4930974841117859
0.5290541052818298
0.5689805746078491
0.6127657890319824
0.6616833806037903
0.7165728807449341
0.7775397300720215
0.8464999198913574
0.9249346852302551
1.0134849548339844
1.115742802619934
1.2327840328216553
1.3692800998687744
1.529902696609497
1.7187845706939697
1.9455146789550781
2.2212696075439453
2.5587046146392822
2.983374834060669
3.5237295627593994
4.233579158782959
5.196186065673828
6.547169208526611
8.555680274963379
11.7694673538208
17.479459762573242
29.663318634033203
67.06328582763672
775.4671020507812
