18152.28355073929
7.890979290008545
8.265811920166016
8.653692245483398
9.039185523986816
9.417414665222168
9.792315483093262
10.148577690124512
10.493936538696289
10.815421104431152
11.121511459350586
11.401165008544922
11.663394927978516
11.898717880249023
12.117526054382324
12.311360359191895
12.489585876464844
12.64710521697998
12.785697937011719
12.913211822509766
13.023001670837402
13.12434196472168
13.211730003356934
13.293715476989746
13.36458683013916
13.43322467803955
13.495266914367676
13.555023193359375
13.611289024353027
13.670025825500488
13.727337837219238
13.784700393676758
13.847851753234863
13.911172866821289
13.982409477233887
14.057222366333008
14.142374992370605
14.23336410522461
14.337859153747559
14.452323913574219
14.584256172180176
14.732421875
14.905978202819824
15.10749626159668
15.346002578735352
15.638861656188965
16.005020141601562
16.491504669189453
17.188392639160156
18.379961013793945
19.191904067993164
