29.19971078634262
0.3420562446117401
0.34225207567214966
0.34350740909576416
0.34564393758773804
0.34895679354667664
0.35338473320007324
0.35902005434036255
0.3660019636154175
0.3741012215614319
0.383689820766449
0.3947710394859314
0.4074421525001526
0.42194485664367676
0.4379962682723999
0.45614713430404663
0.47644099593162537
0.4990673065185547
0.5244355201721191
0.5522327423095703
0.5833125114440918
0.6178461313247681
0.6562247276306152
0.6992079019546509
0.7465390563011169
0.7996682524681091
0.8591310381889343
0.9258664846420288
1.0014305114746094
1.0860155820846558
1.1824843883514404
1.2925715446472168
1.4189072847366333
1.565480351448059
1.7346656322479248
1.9338253736495972
2.169664144515991
2.4519736766815186
2.795351266860962
3.2152018547058105
3.7418510913848877
4.414512634277344
5.295450687408447
6.4884209632873535
8.158954620361328
10.636063575744629
14.578168869018555
21.555803298950195
36.28335952758789
80.38562774658203
577.6058959960938
