95552.8518409729
43.30607604980469
43.8635139465332
44.442543029785156
45.00006103515625
45.58127212524414
46.12625503540039
46.68255615234375
47.198612213134766
47.70734405517578
48.199989318847656
48.64937210083008
49.09503936767578
49.49287414550781
49.88563537597656
50.23583221435547
50.57401657104492
50.89461135864258
51.18122100830078
51.46814727783203
51.71919250488281
51.97461700439453
52.207122802734375
52.43681716918945
52.6669807434082
52.8857536315918
53.11894989013672
53.33903503417969
53.580665588378906
53.82175827026367
54.08570098876953
54.369075775146484
54.667083740234375
54.999420166015625
55.35878372192383
55.75968933105469
56.19859313964844
56.69329833984375
57.25362014770508
57.877342224121094
58.598876953125
59.421566009521484
60.38064193725586
61.50559997558594
62.86278533935547
64.52593994140625
66.63605499267578
69.46749877929688
73.58958435058594
80.7537841796875
94.15032958984375
