186457.6634464264
17.02969741821289
16.496110916137695
15.990044593811035
15.50961685180664
15.052947998046875
14.618430137634277
14.204582214355469
13.810033798217773
13.433526039123535
13.073922157287598
12.641444206237793
12.403460502624512
12.088444709777832
11.78657054901123
11.497076988220215
11.21924877166748
10.95242977142334
10.69601058959961
10.449411392211914
10.21213150024414
9.98365306854248
9.763522148132324
9.551325798034668
9.34664249420166
9.149110794067383
8.958378791809082
8.77411937713623
8.596022605895996
8.423794746398926
8.257173538208008
8.095895767211914
7.939724922180176
7.788434982299805
7.6418070793151855
7.49964714050293
7.361759662628174
7.227969646453857
7.0980963706970215
6.922708034515381
6.8503499031066895
6.731295585632324
6.615569591522217
6.503045558929443
6.39359712600708
6.287109375
6.1834611892700195
6.082559108734131
5.984292984008789
5.8885722160339355
5.795304775238037
