0.004984686187526677
5.384905671235174e-05
5.133580998517573e-05
4.925821122014895e-05
4.7708301281090826e-05
4.677740071201697e-05
4.639935650629923e-05
4.6653844037791714e-05
4.7465902753174305e-05
4.876898674410768e-05
5.048726234235801e-05
5.258962482912466e-05
5.490021067089401e-05
5.7499655667925254e-05
6.0332517023198307e-05
6.339904939522967e-05
6.671204755548388e-05
7.034733425825834e-05
7.417370215989649e-05
7.838121382519603e-05
8.29580967547372e-05
8.794972382020205e-05
9.340907854493707e-05
9.939799929270521e-05
0.00010607049625832587
0.00011327341053402051
0.00012134358257753775
0.0001303250464843586
0.00014036580978427082
0.00015164431533776224
0.00016450525436084718
0.00017885259876493365
0.00019538166816346347
0.00021440404816530645
0.00023646664340049028
0.00026228008209727705
0.0002930054033640772
0.0003292562032584101
0.00037337958929128945
0.00042759673669934273
0.0004953993484377861
0.0005819958169013262
0.0006959973252378404
0.0008490261971019208
0.0010651671327650547
0.0013862557243555784
0.0018998857121914625
0.0028170673176646233
0.004787049256265163
0.010932783596217632
0.6762530207633972
