1405.258158788085
0.08008015155792236
0.07747311890125275
0.0749053880572319
0.0725560188293457
0.07023102790117264
0.06810316443443298
0.06603466719388962
0.06401567906141281
0.06217028945684433
0.060329876840114594
0.05864511430263519
0.05696012079715729
0.055419862270355225
0.053870752453804016
0.052455004304647446
0.05106347054243088
0.049696363508701324
0.04844563454389572
0.04718456417322159
0.04602796584367752
0.044859059154987335
0.043790437281131744
0.04273327812552452
0.041688207536935806
0.04073477163910866
0.03976114094257355
0.03887338563799858
0.037967249751091
0.03714030608534813
0.0364171639084816
0.035498689860105515
0.034751903265714645
0.03398645669221878
0.03328902646899223
0.032571565359830856
0.03191829472780228
0.03126568719744682
0.030611954629421234
0.0300181545317173
0.029404059052467346
0.028845924884080887
0.028267521411180496
0.02774292789399624
0.027196751907467842
0.026701776310801506
0.026203608140349388
0.025702962651848793
0.025249207392334938
0.02477622963488102
0.02434687130153179
