3.2356830819146865e-06
2.9499366860363807e-07
3.2313676001649583e-07
3.5419060395724955e-07
3.884876775828161e-07
4.2635764430087875e-07
4.6835060629746295e-07
5.148207833371998e-07
5.663517868015333e-07
6.235588330127939e-07
6.871423465781845e-07
7.57902796522103e-07
8.367557029487216e-07
9.247478942597809e-07
1.0230871794192353e-06
1.133157525146089e-06
1.2565679980980349e-06
1.3951768096376327e-06
1.55115264988126e-06
1.7270168655159068e-06
1.9257354324508924e-06
2.1507878500415245e-06
2.406293106105295e-06
2.697134505069698e-06
3.0291434995888267e-06
3.4089587188645964e-06
3.84602572012227e-06
4.3496092985151336e-06
4.932542196911527e-06
5.610233074548887e-06
6.401852260751184e-06
7.331358119699871e-06
8.429114132013638e-06
9.733984370541293e-06
1.1296257071080618e-05
1.3182067959860433e-05
1.5479521607630886e-05
1.8308322978555225e-05
2.183426659030374e-05
2.629245318530593e-05
3.2025407563196495e-05
3.954878411605023e-05
4.9669240979710594e-05
6.371043127728626e-05
8.39780259411782e-05
0.00011481122055556625
0.000165257923072204
0.0002573829551693052
0.00045901231351308525
0.0011025312123820186
0.0864228829741478
