18683.781376481056
0.2890220284461975
1.8279409408569336
1.842176079750061
1.8592936992645264
1.879144549369812
1.9012315273284912
1.9254463911056519
1.9505338668823242
1.9786344766616821
2.007215738296509
2.036569118499756
2.0667471885681152
2.097248077392578
2.1280791759490967
2.159060478210449
2.1892290115356445
2.2205021381378174
2.2506861686706543
2.2805066108703613
2.3099112510681152
2.338568925857544
2.3668196201324463
2.394282579421997
2.421245574951172
2.447301149368286
2.4735636711120605
2.4991796016693115
2.524245500564575
2.549330472946167
2.57412052154541
2.599181652069092
2.624677896499634
2.6501095294952393
2.677377223968506
2.705272912979126
2.7347211837768555
2.7663707733154297
2.8002448081970215
2.837728977203369
2.878993034362793
2.925585985183716
2.978794813156128
3.0411152839660645
3.115262985229492
3.205578088760376
3.32021427154541
3.473517894744873
3.6959664821624756
4.079269886016846
5.30156135559082
