0.004981450478226179
5.3554063924821094e-05
5.101267379359342e-05
4.890402124146931e-05
4.731981243821792e-05
4.635104414774105e-05
4.593100675265305e-05
4.6139022742863744e-05
4.689954948844388e-05
4.814542626263574e-05
4.9800120905274525e-05
5.1831721066264436e-05
5.4063453717390075e-05
5.657490692101419e-05
5.930943007115275e-05
6.226589175639674e-05
6.545548239955679e-05
6.895215483382344e-05
7.262254803208634e-05
7.665419980185106e-05
8.103236177703366e-05
8.57989361975342e-05
9.100278839468956e-05
9.670086728874594e-05
0.0001030413550324738
0.00010986444976879284
0.00011749755503842607
0.00012597543536685407
0.00013543326349463314
0.0001460340863559395
0.0001581034011906013
0.00017152124200947583
0.00018695255857892334
0.00020467006834223866
0.00022517038451042026
0.00024909802596084774
0.00027752589085139334
0.0003109478857368231
0.0003515453136060387
0.0004013042780570686
0.0004633739299606532
0.0005424470291472971
0.0006463280878961086
0.000785315758548677
0.000981189077720046
0.001271444489248097
0.001734627760015428
0.0025596844498068094
0.004328037146478891
0.009830252267420292
0.5898301601409912
