97731.51396942139
2.3406436443328857
8.086075782775879
8.24052619934082
8.414072036743164
8.597248077392578
8.791400909423828
8.993462562561035
9.195956230163574
9.40156078338623
9.606934547424316
9.806324005126953
10.001665115356445
10.192096710205078
10.372160911560059
10.54430103302002
10.70797348022461
10.859383583068848
11.002076148986816
11.135188102722168
11.256159782409668
11.367902755737305
11.47171688079834
11.564608573913574
11.65019702911377
11.728483200073242
11.7995023727417
11.864911079406738
11.926288604736328
11.981643676757812
12.035347938537598
12.087788581848145
12.13783073425293
12.188390731811523
12.239931106567383
12.29349136352539
12.350318908691406
12.413262367248535
12.480668067932129
12.55770492553711
12.644864082336426
12.743894577026367
12.859251976013184
12.996735572814941
13.15932559967041
13.359199523925781
13.611414909362793
13.942658424377441
14.413305282592773
15.180732727050781
17.238914489746094