186707.0968761444
8.223313331604004
7.979545593261719
7.795984745025635
7.524623394012451
7.359391689300537
7.110549449920654
6.9613118171691895
6.732370376586914
6.597165584564209
6.385898113250732
6.263047695159912
6.067540168762207
5.955622673034668
5.774214267730713
5.671994209289551
5.503259181976318
5.4096784591674805
5.252366065979004
5.166503429412842
5.019519329071045
4.940579891204834
4.80296516418457
4.7302446365356445
4.601152420043945
4.5340423583984375
4.412723541259766
4.350680351257324
4.236469268798828
4.179018974304199
4.071322441101074
3.992858409881592
3.941516399383545
3.8426051139831543
3.794890880584717
3.7012722492218018
3.656867265701294
3.5681357383728027
3.5267581939697266
3.4425487518310547
3.4039466381073
3.3239290714263916
3.287874937057495
3.211750030517578
3.1780388355255127
3.105534553527832
3.073983907699585
3.004851818084717
2.9752912521362305
2.9093074798583984
2.881587505340576
