0.07755542936502025
0.0008184303878806531
0.0008203005418181419
0.0008237381116487086
0.0008300034678541124
0.00083795131649822
0.0008485893486067653
0.0008622040040791035
0.0008776465547271073
0.0008962882566265762
0.0009182934300042689
0.0009425590396858752
0.0009705817210488021
0.0010026994859799743
0.0010376025456935167
0.00107772892806679
0.0011211670935153961
0.0011700848117470741
0.0012249751016497612
0.0012844324810430408
0.0013509682612493634
0.0014255688292905688
0.0015066061168909073
0.0015974276466295123
0.0016993819735944271
0.0018109685042873025
0.001936714630573988
0.0020787641406059265
0.0022360116709023714
0.002416150411590934
0.0026174630038440228
0.0028484698850661516
0.003114988561719656
0.0034187184646725655
0.003773628268390894
0.004191863350570202
0.004681897349655628
0.005270566791296005
0.005987189710140228
0.0068609402514994144
0.00796237587928772
0.009360128082334995
0.011196703650057316
0.013688779436051846
0.01718030497431755
0.022375071421265602
0.030704239383339882
0.04552556574344635
0.07729963958263397
0.1766381859779358
7.367574214935303
