3164.534937083721
0.4332325756549835
0.4198518991470337
0.40711793303489685
0.3949873745441437
0.38343942165374756
0.3720557391643524
0.3618546724319458
0.35178035497665405
0.3421441316604614
0.33293431997299194
0.3240833282470703
0.3156130909919739
0.3072151839733124
0.2996963858604431
0.2922057509422302
0.2860478162765503
0.27806001901626587
0.2714003324508667
0.2647530436515808
0.258818656206131
0.25287681818008423
0.24712763726711273
0.24159131944179535
0.23624774813652039
0.23108801245689392
0.2259100079536438
0.22128963470458984
0.21663126349449158
0.21212512254714966
0.2077643722295761
0.20355018973350525
0.19945412874221802
0.19531816244125366
0.19165712594985962
0.18793454766273499
0.1843305230140686
0.18082089722156525
0.17742101848125458
0.17396403849124908
0.1709168553352356
0.1678077131509781
0.16477501392364502
0.16183246672153473
0.1589711308479309
0.1561879813671112
0.15391744673252106
0.15083764493465424
0.14827227592468262
0.14577431976795197
0.1433412879705429
