0.0006066013588679198
3.675330299302004e-05
3.9075584936654195e-05
4.156332943239249e-05
4.423891004989855e-05
4.7119414375629276e-05
5.02138864248991e-05
5.357280315365642e-05
5.719107139157131e-05
6.110447429819033e-05
6.534261774504557e-05
6.992473936406896e-05
7.492907025152817e-05
8.035796781769022e-05
8.627228817204013e-05
9.27263026824221e-05
9.976203000405803e-05
0.0001075084728654474
0.00011599003482842818
0.00012531878019217402
0.00013557568308897316
0.00014696575817652047
0.00015955843264237046
0.00017355091404169798
0.00018914560496341437
0.00020654164836741984
0.00022614658519160002
0.0002481875999365002
0.0002731188724283129
0.0003014488611370325
0.00033373397309333086
0.00037094432627782226
0.00041386246448382735
0.0004637815582100302
0.000522283255122602
0.0005913070635870099
0.0006739246309734881
0.0007734771352261305
0.0008951184572651982
0.0010459558106958866
0.0012360165128484368
0.0014814037131145597
0.001805330510251224
0.0022469910327345133
0.002873873570933938
0.0038114062044769526
0.005324159283190966
0.008043586276471615
0.013912214897572994
0.03238118439912796
1.7075823545455933
