66662.15591335297
10.736600875854492
10.94242000579834
11.163541793823242
11.39577579498291
11.630903244018555
11.873286247253418
12.11296558380127
12.355527877807617
12.59156322479248
12.827853202819824
13.05564022064209
13.279376983642578
13.498499870300293
13.70807933807373
13.915459632873535
14.113912582397461
14.309906005859375
14.498909950256348
14.686098098754883
14.869453430175781
15.0520658493042
15.23511028289795
15.417799949645996
15.60405158996582
15.793392181396484
15.989860534667969
16.19167137145996
16.404748916625977
16.626813888549805
16.8647518157959
17.119539260864258
17.391164779663086
17.68684959411621
18.007505416870117
18.359262466430664
18.747577667236328
19.178380966186523
19.659259796142578
20.20201873779297
20.8193359375
21.5303955078125
22.360158920288086
23.343210220336914
24.536130905151367
26.021495819091797
27.95243263244629
30.60618019104004
34.62675857543945
52.0046501159668
100.11039733886719
