0.07694882818032056
0.0007816770812496543
0.0007812249823473394
0.0007821747567504644
0.0007857645396143198
0.0007908319239504635
0.0007983754621818662
0.0008086311863735318
0.0008204554906114936
0.0008351837750524282
0.0008529507904313505
0.0008726342930458486
0.0008956526289694011
0.0009223415399901569
0.0009513302939012647
0.0009850026108324528
0.0010214050998911262
0.0010625763097777963
0.0011089850449934602
0.001159113715402782
0.0012153926072642207
0.0012786031002178788
0.0013470477424561977
0.0014238767325878143
0.0015102364122867584
0.0016044268850237131
0.0017105680890381336
0.001830576453357935
0.001962892711162567
0.0021147015504539013
0.0022837291471660137
0.0024775255005806684
0.0027011260390281677
0.002954936819151044
0.00325134489685297
0.00360055617056787
0.004007972776889801
0.004497089423239231
0.005092071369290352
0.005814984440803528
0.006726359017193317
0.007878724485635757
0.00939137302339077
0.011441788636147976
0.014306430704891682
0.018563665449619293
0.025380080565810204
0.03748197853565216
0.0633874237537384
0.14425700902938843
5.65999174118042
