408678.5355167389
45.5880241394043
51.154136657714844
55.04481506347656
57.4372673034668
58.72148895263672
59.25083541870117
59.312931060791016
59.097225189208984
58.736053466796875
58.29423904418945
57.8264045715332
57.36298751831055
56.90357971191406
56.488914489746094
56.04903793334961
55.673946380615234
55.30842971801758
54.97146987915039
54.66011428833008
54.354026794433594
54.09041976928711
53.842891693115234
53.61039733886719
53.376827239990234
53.18563461303711
53.01594924926758
52.85543441772461
52.71281814575195
52.57121658325195
52.459617614746094
52.35328674316406
52.27552032470703
52.198387145996094
52.141658782958984
52.08781814575195
52.076480865478516
52.06618118286133
52.09330368041992
52.12043380737305
52.16171646118164
52.245784759521484
52.3602180480957
52.50123596191406
52.67555236816406
52.927406311035156
53.24464416503906
53.686161041259766
54.31163024902344
55.35210037231445
57.82159423828125
