209286.36478614807
7.6884660720825195
7.310756683349609
6.95553731918335
6.621182441711426
6.307974338531494
6.009175777435303
5.729002952575684
5.464463233947754
5.214506149291992
4.978160381317139
4.75587797164917
4.542768478393555
4.3422136306762695
4.152107238769531
3.971801519393921
3.8006954193115234
3.638235569000244
3.484877824783325
3.3371686935424805
3.197678565979004
3.064971923828125
2.9386582374572754
2.818377733230591
2.7045512199401855
2.5945541858673096
2.4904332160949707
2.3911190032958984
2.2963545322418213
2.205895185470581
2.1195192337036133
2.0375757217407227
1.9581331014633179
1.8827635049819946
1.8106943368911743
1.7417583465576172
1.6757992506027222
1.6131211519241333
1.5522096157073975
1.4943267107009888
1.438877820968628
1.3857464790344238
1.3348207473754883
1.2859975099563599
1.2395254373550415
1.1942530870437622
1.1511636972427368
1.1098114252090454
1.0701175928115845
1.0320053100585938
0.9956851005554199
