42.86429977416992
0.630544900894165
0.6362520456314087
0.6438710689544678
0.652927041053772
0.6634221076965332
0.6761204600334167
0.6900154948234558
0.7067362070083618
0.725104570388794
0.7453954219818115
0.7685797810554504
0.7936986684799194
0.8221116065979004
0.8528540730476379
0.8869308233261108
0.9248461723327637
0.9657535552978516
1.0115108489990234
1.0609476566314697
1.1162105798721313
1.1761785745620728
1.2425694465637207
1.3165194988250732
1.3971911668777466
1.4878766536712646
1.5881121158599854
1.6992287635803223
1.8245234489440918
1.9651257991790771
2.125058650970459
2.3048107624053955
2.512240171432495
2.749746322631836
3.023618698120117
3.3464040756225586
3.7228097915649414
4.178045272827148
4.724796295166016
5.392782211303711
6.231362819671631
7.293756484985352
8.689160346984863
10.563249588012695
13.196823120117188
17.10453987121582
23.311386108398438
34.36518096923828
57.8289909362793
130.1407470703125
1768.641845703125
