3151.7004880309105
0.8651193380355835
0.8430448174476624
0.8144382834434509
0.7956709265708923
0.7683651447296143
0.750499963760376
0.7263922691345215
0.7101840376853943
0.6878839731216431
0.674098789691925
0.6527714729309082
0.6393125057220459
0.6203775405883789
0.6080625653266907
0.5912386178970337
0.5790843963623047
0.5628541707992554
0.5524695515632629
0.5372481346130371
0.5276799201965332
0.5141083598136902
0.5046154260635376
0.49131157994270325
0.4830580949783325
0.47066810727119446
0.4636740982532501
0.4513664245605469
0.44433632493019104
0.43331241607666016
0.4267752468585968
0.41683974862098694
0.4102895259857178
0.4004840552806854
0.39480602741241455
0.38553762435913086
0.3802343010902405
0.37192851305007935
0.36643263697624207
0.35817959904670715
0.3535354733467102
0.34564483165740967
0.3417181670665741
0.33378615975379944
0.32969939708709717
0.32256829738616943
0.318676233291626
0.3119378685951233
0.30871203541755676
0.3018457293510437
0.29844480752944946
