5.002752128988504
0.2045593112707138
0.2126322090625763
0.22116480767726898
0.2301926463842392
0.23975512385368347
0.24989622831344604
0.26046469807624817
0.2721015512943268
0.2842864394187927
0.29727602005004883
0.31114330887794495
0.3259710371494293
0.34185120463371277
0.35861268639564514
0.37718313932418823
0.3968985974788666
0.4181710183620453
0.44117307662963867
0.46610209345817566
0.4931853115558624
0.5222825407981873
0.5548794269561768
0.5901722311973572
0.6289567351341248
0.6717251539230347
0.7190589308738708
0.7716559767723083
0.8297113180160522
0.8961213827133179
0.9702979922294617
1.054376482963562
1.1502763032913208
1.2604198455810547
1.3879082202911377
1.5367563962936401
1.7109043598175049
1.9213347434997559
2.1740176677703857
2.483778238296509
2.870244026184082
3.3626251220703125
4.006140232086182
4.870151519775391
6.092218399047852
7.897446155548096
10.775790214538574
15.895366668701172
26.808326721191406
60.570430755615234
962.6317749023438
