65074.4218006134
25.78713035583496
26.29098129272461
26.877559661865234
27.5132999420166
28.218725204467773
28.962358474731445
29.76260757446289
30.58975601196289
31.461071014404297
32.348876953125
33.26347732543945
34.199066162109375
35.13692092895508
36.09114074707031
37.04100036621094
37.99616241455078
38.940731048583984
39.886940002441406
40.817691802978516
41.74574661254883
42.656002044677734
43.5587272644043
44.4533576965332
45.33137512207031
46.20671463012695
47.0697135925293
47.932430267333984
48.78913497924805
49.65393829345703
50.51946258544922
51.405765533447266
52.3036994934082
53.235206604003906
54.19707489013672
55.20649337768555
56.27897644042969
57.42082214355469
58.663490295410156
60.01312255859375
61.516849517822266
63.203922271728516
65.13651275634766
67.3827133178711
70.06233215332031
73.34373474121094
77.52762603759766
83.17054748535156
91.49922943115234
106.23662567138672
167.8367462158203
