37.86154788732529
0.4259856045246124
0.4236198365688324
0.42270627617836
0.42273440957069397
0.4236670136451721
0.4262242317199707
0.42955079674720764
0.43463465571403503
0.4408181607723236
0.4481194019317627
0.4574364721775055
0.4677276313304901
0.48026037216186523
0.4942413866519928
0.5097476840019226
0.5279476046562195
0.5475825071334839
0.5703377723693848
0.5948455333709717
0.6230252385139465
0.6538960337638855
0.687690019607544
0.7263472676277161
0.7682344317436218
0.8161515593528748
0.8690532445907593
0.9275727272033691
0.9948121905326843
1.0690044164657593
1.154760718345642
1.2504342794418335
1.3619638681411743
1.4893263578414917
1.635710597038269
1.8096476793289185
2.0119054317474365
2.2567102909088135
2.550778388977051
2.9090042114257812
3.361118793487549
3.931131601333618
4.683020114898682
5.693098068237305
7.104604721069336
9.207094192504883
12.53559684753418
18.469812393188477
31.02066421508789
69.5703125
806.0101318359375
