208455.55128479004
37.08599853515625
35.755950927734375
34.53889465332031
33.420623779296875
32.27839279174805
31.228803634643555
30.267290115356445
29.2762393951416
28.40061378479004
27.496938705444336
26.665897369384766
25.904253005981445
25.11074447631836
24.38343620300293
23.71503448486328
23.0153865814209
22.40180015563965
21.756628036499023
21.165199279785156
20.62140655517578
20.048566818237305
19.521787643432617
19.039358139038086
18.527128219604492
18.07923698425293
17.603368759155273
17.166017532348633
16.765838623046875
16.337066650390625
15.94449234008789
15.584558486938477
15.197405815124512
14.843143463134766
14.518288612365723
14.168092727661133
13.864322662353516
13.53583812713623
13.23458480834961
12.959664344787598
12.660245895385742
12.386064529418945
12.136078834533691
11.862406730651855
11.627413749694824
11.36941146850586
11.133999824523926
10.919161796569824
10.682493209838867
10.466707229614258
10.26982593536377
