0.09172112087253481
0.0012480979785323143
0.0012463151942938566
0.001248778309673071
0.001253802329301834
0.0012612565187737346
0.0012737744254991412
0.001289368374273181
0.0013081432553008199
0.0013327667256817222
0.001361159491352737
0.001393479062244296
0.0014329151017591357
0.0014770955312997103
0.0015260111540555954
0.0015837284736335278
0.0016474201111122966
0.0017175975954160094
0.00179849355481565
0.0018874609377235174
0.0019850688986480236
0.002097024116665125
0.0022198099177330732
0.0023549783509224653
0.0025094659067690372
0.0026803999207913876
0.002869224874302745
0.0030859289690852165
0.0033277305774390697
0.003598433919250965
0.003911726176738739
0.0042657265439629555
0.004668917506933212
0.0051417783834040165
0.005688841454684734
0.006325083784759045
0.007088863756507635
0.00799860805273056
0.009096386842429638
0.010459509678184986
0.012160733342170715
0.014326521195471287
0.01719139888882637
0.021055269986391068
0.026485992595553398
0.034603580832481384
0.04758394882082939
0.07071703672409058
0.12047293782234192
0.2759588360786438
14.069103240966797
