206.53687673062086
0.02733670547604561
0.02650618739426136
0.025708066299557686
0.024954991415143013
0.024078594520688057
0.023548617959022522
0.02288723737001419
0.02226139046251774
0.021656453609466553
0.021083295345306396
0.02039923518896103
0.02000233717262745
0.019497182220220566
0.019006922841072083
0.018541112542152405
0.01797391101717949
0.017660394310951233
0.01724121905863285
0.0168421883136034
0.016453318297863007
0.016080699861049652
0.015623219311237335
0.015376671217381954
0.01504384446889162
0.014718525111675262
0.014407970011234283
0.014013711363077164
0.013815587386488914
0.013531189411878586
0.013257671147584915
0.012994453310966492
0.012736257165670395
0.012408669106662273
0.01224813237786293
0.012046647258102894
0.011787096969783306
0.011568501591682434
0.011279895901679993
0.011148737743496895
0.010945894755423069
0.010750126093626022
0.01056109182536602
0.01030720304697752
0.010197184048593044
0.010020896792411804
0.009851675480604172
0.009684682823717594
0.009524318389594555
0.009304574690759182
0.009213731624186039
