0.0031617443382856436
0.00018044144962914288
0.00019108840206172317
0.00020249276713002473
0.00021476816618815064
0.00022784752945881337
0.00024194941215682775
0.00025711889611557126
0.00027351677999831736
0.0002910771581809968
0.0003100997710134834
0.00033066788455471396
0.00035293979453854263
0.00037717720260843635
0.0004033358418382704
0.000431885157013312
0.0004630065814126283
0.0004971076268702745
0.0005342046497389674
0.0005750064738094807
0.0006198620540089905
0.0006694461917504668
0.0007239338592626154
0.0007844679639674723
0.0008517536334693432
0.0009269992006011307
0.00101079186424613
0.0011051493929699063
0.0012116074794903398
0.001332271029241383
0.001470058225095272
0.0016272100619971752
0.0018086736090481281
0.0020192323718219995
0.002265930874273181
0.002555778017267585
0.002901429310441017
0.003317540977150202
0.00382576254196465
0.004452800843864679
0.005243285093456507
0.006259570829570293
0.007601503282785416
0.009423883631825447
0.012007880955934525
0.015869028866291046
0.02208658866584301
0.03323786333203316
0.057276271283626556
0.1328350454568863
8.628244400024414
