11476.617876768112
3.2985222339630127
3.5032267570495605
3.704517126083374
3.8994550704956055
4.085019111633301
4.259784698486328
4.422055244445801
4.571621417999268
4.707944393157959
4.831889629364014
4.943248271942139
5.04473876953125
5.133209705352783
5.2139363288879395
5.286336421966553
5.351672649383545
5.411501884460449
5.466029167175293
5.517289161682129
5.56502628326416
5.611105442047119
5.655335903167725
5.69998025894165
5.744608402252197
5.789239883422852
5.835419654846191
5.884263038635254
5.935021877288818
5.989319801330566
6.046703338623047
6.108786106109619
6.175600528717041
6.247704029083252
6.326524257659912
6.412474155426025
6.507718086242676
6.611116409301758
6.727018356323242
6.856186389923096
7.002337455749512
7.168200969696045
7.359984874725342
7.583688735961914
7.851592063903809
8.178733825683594
8.594964981079102
9.153061866760254
9.969548225402832
11.391867637634277
16.94770050048828
