0.08855937654152513
0.0010676565580070019
0.0010552267776802182
0.0010462854988873005
0.0010390341049060225
0.0010334090329706669
0.0010318249696865678
0.0010322495363652706
0.001034626504406333
0.001041689538396895
0.001051059691235423
0.0010628111194819212
0.0010799752781167626
0.0010999183868989348
0.001122675254009664
0.0011518433457240462
0.0011844135588034987
0.0012204899685457349
0.0012642889050766826
0.0013124544639140368
0.001365206902846694
0.0014275778084993362
0.0014958761166781187
0.001570510328747332
0.0016577121568843722
0.0017534007783979177
0.0018584330100566149
0.0019807794596999884
0.002116122981533408
0.002266163006424904
0.0024416677188128233
0.0026385164819657803
0.002860243897885084
0.003122546011582017
0.0034229103475809097
0.00376930576749146
0.004187434446066618
0.004681066609919071
0.005270624533295631
0.006006708834320307
0.006917448714375496
0.008066950365900993
0.00958989467471838
0.01163138635456562
0.014478111639618874
0.018734553828835487
0.02549736015498638
0.03747916966676712
0.06319666653871536
0.1431238055229187
5.440859317779541
