190671.78903102875
18.6906795501709
22.077272415161133
23.531002044677734
23.936443328857422
23.898250579833984
23.69450569152832
23.43583106994629
23.17401123046875
22.91568946838379
22.656509399414062
22.422086715698242
22.202558517456055
21.98201560974121
21.78447151184082
21.578744888305664
21.40079116821289
21.227981567382812
21.0596981048584
20.894634246826172
20.74889373779297
20.598880767822266
20.44839859008789
20.320209503173828
20.196130752563477
20.063676834106445
19.951997756958008
19.835227966308594
19.715606689453125
19.616689682006836
19.50941276550293
19.41603660583496
19.31379508972168
19.218948364257812
19.131662368774414
19.042673110961914
18.944286346435547
18.86655044555664
18.77939796447754
18.689254760742188
18.61656379699707
18.532512664794922
18.442590713500977
18.36065101623535
18.270553588867188
18.171648025512695
18.078996658325195
17.96727752685547
17.840490341186523
17.676639556884766
17.42584800720215
