12320.253064632416
4.626254558563232
4.4910993576049805
4.362394332885742
3.6413357257843018
4.139065742492676
4.026575565338135
3.9190855026245117
3.8162899017333984
3.717907190322876
3.623676061630249
3.533355236053467
3.4467220306396484
3.363568067550659
3.2837021350860596
3.206943988800049
3.133126974105835
3.062096357345581
2.993706464767456
2.9278223514556885
2.8643174171447754
2.803072929382324
2.355520248413086
2.694955825805664
2.639580726623535
2.5860743522644043
2.534349203109741
2.484323263168335
2.435920238494873
2.389066457748413
2.3436942100524902
2.2997376918792725
2.257136821746826
2.2158331871032715
2.1757724285125732
2.1369030475616455
2.0991756916046143
2.0625436305999756
2.026963233947754
1.9923932552337646
1.6809868812561035
1.9307365417480469
1.8988395929336548
1.8678100109100342
1.8376152515411377
1.8082239627838135
1.7796066999435425
1.7517353296279907
1.724582552909851
1.6981233358383179
1.6723324060440063
