0.020614070090232417
0.00021096295677125454
0.0002085266896756366
0.00020628630591090769
0.00020475336350500584
0.00020397640764713287
0.00020340352784842253
0.00020360267080832273
0.00020463779219426215
0.00020588230108842254
0.00020798433979507536
0.0002107718464685604
0.00021453533554449677
0.0002185235935030505
0.00022355237160809338
0.00022969608835410327
0.00023614945530425757
0.00024382422270718962
0.0002528428449295461
0.0002622946340125054
0.0002732657303567976
0.00028591102454811335
0.0002992263762280345
0.00031450361711904407
0.0003315487701911479
0.0003510854148771614
0.00037190341390669346
0.0003957575827371329
0.0004231893690302968
0.0004528210556600243
0.00048702064668759704
0.0005266809021122754
0.0005704333889298141
0.0006215859320946038
0.0006818623514845967
0.0007501932559534907
0.0008318895706906915
0.0009292101603932679
0.0010483097285032272
0.0011909493478015065
0.0013705171877518296
0.0016015603905543685
0.001898102811537683
0.0023005958646535873
0.00287011475302279
0.003703065449371934
0.005036815069615841
0.00742301857098937
0.012488674372434616
0.028296153992414474
2.4575653076171875
