3166.786400526762
0.34810975193977356
0.3345087170600891
0.32793235778808594
0.3154679834842682
0.30895328521728516
0.30102837085723877
0.29002436995506287
0.28445303440093994
0.2775505781173706
0.26776763796806335
0.2635425925254822
0.25442540645599365
0.25009092688560486
0.24452708661556244
0.2363746464252472
0.23259122669696808
0.2259562462568283
0.22201299667358398
0.21747291088104248
0.21054640412330627
0.20753662288188934
0.2019529938697815
0.19871088862419128
0.1945343166589737
0.1894621104001999
0.1865776926279068
0.1832035928964615
0.17776760458946228
0.17561540007591248
0.1712549924850464
0.1688612550497055
0.16564956307411194
0.16164830327033997
0.159498393535614
0.15572407841682434
0.15372979640960693
0.15094822645187378
0.14746642112731934
0.14565683901309967
0.14235171675682068
0.14066854119300842
0.1382567584514618
0.13519330322742462
0.1336677074432373
0.13144569098949432
0.12859882414340973
0.127212792634964
0.12448108196258545
0.12318768352270126
0.1212463304400444
