0.00018213540693068353
8.16407373349648e-06
8.527114005119074e-06
8.911981240089517e-06
9.324287020717748e-06
9.754524398886133e-06
1.0216058399237227e-05
1.0707544788601808e-05
1.1231581083848141e-05
1.1791055840149056e-05
1.238919412571704e-05
1.3029584806645289e-05
1.3721996765525546e-05
1.4454093616222963e-05
1.5247547707986087e-05
1.6102692825370468e-05
1.7026059140334837e-05
1.8025102690444328e-05
1.9108325432171114e-05
2.0285444406908937e-05
2.1576735889539123e-05
2.296864113304764e-05
2.450221472827252e-05
2.6186573450104333e-05
2.80423500953475e-05
3.0093975510681048e-05
3.2370382541557774e-05
3.4906268410850316e-05
3.7759375118184835e-05
4.093390452908352e-05
4.4537267967825755e-05
4.863158756052144e-05
5.331282955012284e-05
5.8702145906863734e-05
6.495484558399767e-05
7.227228343253955e-05
8.095491648418829e-05
9.125933138420805e-05
0.0001037707770592533
0.00011914400238310918
0.0001383685739710927
0.00016291944484692067
0.00019508259720169008
0.00023857438645791262
0.00029994925716891885
0.0003908124635927379
0.0005363223608583212
0.0007961358642205596
0.0013529871357604861
0.003094281768426299
0.41955798864364624
