66869.44580030441
6.976158142089844
6.997551918029785
7.033740997314453
7.083335876464844
7.147372722625732
7.2253642082214355
7.3177337646484375
7.422989368438721
7.542575836181641
7.676034927368164
7.824054718017578
7.984894275665283
8.160452842712402
8.3502779006958
8.555290222167969
8.776023864746094
9.007097244262695
9.255888938903809
9.52093505859375
9.799854278564453
10.09565544128418
10.40886116027832
10.736836433410645
11.083125114440918
11.447247505187988
11.831073760986328
12.231688499450684
12.653497695922852
13.09628963470459
13.562698364257812
14.049660682678223
14.563114166259766
15.103553771972656
15.676713943481445
16.27531623840332
16.913118362426758
17.591245651245117
18.317554473876953
19.093406677246094
19.934898376464844
20.853572845458984
21.870960235595703
23.006574630737305
24.30891990661621
25.840505599975586
27.715776443481445
30.135656356811523
33.58082962036133
39.47356033325195
68.60950469970703
