0.02043193473946303
0.00020279888121876866
0.0001999995729420334
0.00019737432012334466
0.0001954290783032775
0.00019422188051976264
0.0001931874721776694
0.00019289512420073152
0.00019340621656738222
0.00019409124797675759
0.00019559514475986362
0.00019774226529989392
0.00020081334514543414
0.00020406949624884874
0.0002083048311760649
0.0002135933900717646
0.00021912339434493333
0.00022579911455977708
0.0002337345213163644
0.00024200917687267065
0.00025168899446725845
0.00026294239796698093
0.00027472415240481496
0.0002883170382119715
0.0003035064146388322
0.00032099144300445914
0.0003395330277271569
0.0003608513216022402
0.0003854300011880696
0.0004118871584068984
0.0004424833750817925
0.0004780493036378175
0.0005171205848455429
0.0005628837971016765
0.0006169074913486838
0.000677920994348824
0.0007509346469305456
0.0008379508508369327
0.0009445389732718468
0.0010718053672462702
0.001232148613780737
0.0014386409893631935
0.0017030201852321625
0.0020620215218514204
0.002570165554061532
0.003312252927571535
0.004500492475926876
0.006626882590353489
0.011135687120258808
0.025201871991157532
2.0380072593688965
