409335.66069221497
31.100828170776367
32.0656623840332
33.06760025024414
34.10154724121094
35.10569381713867
36.082393646240234
36.98324966430664
37.81609344482422
38.56858825683594
39.217994689941406
39.78951644897461
40.26100540161133
40.65907669067383
40.96923828125
41.2198600769043
41.397701263427734
41.53346252441406
41.612125396728516
41.664485931396484
41.673980712890625
41.66952896118164
41.637939453125
41.601139068603516
41.54783630371094
41.50173568725586
41.44413375854492
41.398494720458984
41.35166549682617
41.3160400390625
41.293697357177734
41.278892517089844
41.287567138671875
41.306644439697266
41.344688415527344
41.40321731567383
41.48777770996094
41.594661712646484
41.73353958129883
41.90170669555664
42.11500549316406
42.36734390258789
42.67888641357422
43.05464172363281
43.5208854675293
44.098670959472656
44.84736251831055
45.845027923583984
47.28199768066406
49.67422103881836
57.04718017578125
