209213.99602508545
8.519095420837402
8.229042053222656
7.953365802764893
7.698892593383789
7.441143035888672
7.203186988830566
6.976235389709473
6.759612560272217
6.5526862144470215
6.35488224029541
6.17191219329834
5.984335899353027
5.810835361480713
5.644528388977051
5.485021591186523
5.331944465637207
5.184952735900879
5.0488457679748535
4.9078168869018555
4.777235507965088
4.65157413482666
4.530587196350098
4.414035320281982
4.301712512969971
4.197676181793213
4.088836669921875
3.9880237579345703
3.8906922340393066
3.796684741973877
3.7058498859405518
3.618046522140503
3.5367374420166016
3.4509265422821045
3.371448278427124
3.2945072650909424
3.2200005054473877
3.1478235721588135
3.0778822898864746
3.0131494998931885
2.944277048110962
2.880511999130249
2.8186450004577637
2.75860333442688
2.7003092765808105
2.643702983856201
2.591356039047241
2.535238742828369
2.483318567276001
2.4328439235687256
2.3837642669677734
