0.0038418069780163933
4.11082073696889e-05
4.1924060496967286e-05
4.269498458597809e-05
4.373019692138769e-05
4.4727617932949215e-05
4.6017561544431373e-05
4.7274214011849836e-05
4.885091038886458e-05
5.039641837356612e-05
5.2290713938418776e-05
5.4154443205334246e-05
5.639887967845425e-05
5.861432509846054e-05
6.124893116066232e-05
6.385990855051205e-05
6.693919567624107e-05
7.000731420703232e-05
7.346486381720752e-05
7.736438419669867e-05
8.129305206239223e-05
8.589149365434423e-05
9.056660201167688e-05
9.604173828847706e-05
0.00010166688298340887
0.0001082646704162471
0.00011512347555253655
0.00012319193047005683
0.00013168947771191597
0.00014172949886415154
0.0001524593390058726
0.00016521528596058488
0.0001790770038496703
0.00019569745927583426
0.00021411328634712845
0.00023598993720952421
0.0002622603497002274
0.00029246232588775456
0.0003300989337731153
0.00037480148603208363
0.0004320878360886127
0.0005031534819863737
0.0005981014110147953
0.0007234413642436266
0.0009025854524224997
0.0011636237613856792
0.0015854736557230353
0.0023280533496290445
0.003928652033209801
0.008887473493814468
0.8594921827316284
