3166.929866939783
0.34182631969451904
0.3317006826400757
0.32202577590942383
0.3101263642311096
0.30411309003829956
0.29573944211006165
0.2852126657962799
0.28010818362236023
0.2727815806865692
0.2657376825809479
0.2567603886127472
0.25259068608283997
0.24639663100242615
0.2383313775062561
0.23474501073360443
0.22924543917179108
0.22393231093883514
0.21692973375320435
0.2139521837234497
0.20922091603279114
0.2028525024652481
0.200266033411026
0.1965286135673523
0.19188252091407776
0.18627357482910156
0.1840994656085968
0.18039122223854065
0.17678731679916382
0.1717890352010727
0.1699734330177307
0.16670016944408417
0.16210879385471344
0.16049379110336304
0.1575244665145874
0.15463000535964966
0.15049459040164948
0.14913688600063324
0.14648744463920593
0.14266090095043182
0.14144589006900787
0.13902544975280762
0.13665999472141266
0.13318228721618652
0.13215655088424683
0.12997688353061676
0.12673915922641754
0.12581683695316315
0.12381357699632645
0.1218515932559967
0.11888642609119415
