1.0878350465759468e-05
6.417485565179959e-07
6.810132617829368e-07
7.231411700558965e-07
7.683858598284132e-07
8.168743761416408e-07
8.693709787621628e-07
9.257786928174028e-07
9.86628265309264e-07
1.0523516493776697e-06
1.123431957239518e-06
1.2004112477370654e-06
1.2839008149967412e-06
1.3745875548920594e-06
1.4732527233718429e-06
1.5807804629730526e-06
1.6981786075120908e-06
1.826598122534051e-06
1.9673600490932586e-06
2.1219846075837268e-06
2.2922283733350923e-06
2.480132479831809e-06
2.687564574443968e-06
2.9188038297434105e-06
3.1756876524013933e-06
3.462580252744374e-06
3.784122100114473e-06
4.145897946727928e-06
4.554641236609314e-06
5.018563115299912e-06
5.547767159441719e-06
6.154761649668217e-06
6.855253104731673e-06
7.669122169318143e-06
8.621906090411358e-06
9.746854630066082e-06
1.108794367610244e-05
1.2704383152595256e-05
1.4677575563837308e-05
1.711866570985876e-05
2.0202938685542904e-05
2.4168995878426358e-05
2.9404613087535836e-05
3.653734893305227e-05
4.6653643948957324e-05
6.178578041726723e-05
8.615636761533096e-05
0.00012996232544537634
0.00022446805087383837
0.00052197853801772
0.10345509648323059
