67105.64579606056
3.9028635025024414
3.868429183959961
3.836778163909912
3.8176865577697754
3.801527500152588
3.7953522205352783
3.798875570297241
3.8062973022460938
3.824615716934204
3.8472771644592285
3.8818509578704834
3.9209067821502686
3.970362424850464
4.03030252456665
4.095943927764893
4.174471855163574
4.259753704071045
4.359554290771484
4.4657769203186035
4.58756685256958
4.718995571136475
4.865293979644775
5.027277946472168
5.202029228210449
5.396076679229736
5.605659484863281
5.838792324066162
6.088281631469727
6.363880634307861
6.666550636291504
6.99571418762207
7.359041690826416
7.75599479675293
8.19530200958252
8.678181648254395
9.214191436767578
9.813858985900879
10.476186752319336
11.225050926208496
12.070056915283203
13.03564167022705
14.146409034729004
15.444286346435547
16.986549377441406
18.859222412109375
21.212535858154297
24.32254981994629
28.763301849365234
36.30179977416992
106.84298706054688
