0.0038309286246658303
4.0466460632160306e-05
4.124304905417375e-05
4.197184171061963e-05
4.296181214158423e-05
4.3910742533626035e-05
4.514819011092186e-05
4.6348435716936365e-05
4.786428326042369e-05
4.9344067519996315e-05
5.1167280616937205e-05
5.2954030252294615e-05
5.511497874977067e-05
5.723973663407378e-05
5.977567707304843e-05
6.227912672329694e-05
6.524101627292112e-05
6.818071415182203e-05
7.149750308599323e-05
7.524240209022537e-05
7.900082709966227e-05
8.341135981027037e-05
8.787903789198026e-05
9.312293695984408e-05
9.849119669524953e-05
0.0001048020931193605
0.00011133935186080635
0.0001190460316138342
0.00012713483010884374
0.00013671093620359898
0.00014691156684421003
0.00015906052431091666
0.00017222175665665418
0.00018802833801601082
0.0002054913784377277
0.00022624307894147933
0.00025117240147665143
0.0002797579509206116
0.00031542134820483625
0.00035768281668424606
0.00041188488830812275
0.00047898446791805327
0.0005686968215741217
0.0006869040080346167
0.0008559317793697119
0.0011018379591405392
0.001499317237176001
0.002198091009631753
0.003704183967784047
0.008365495130419731
0.7560371160507202
