409967.4350986481
20.072237014770508
19.929853439331055
19.82574462890625
19.764781951904297
19.727636337280273
19.730260848999023
19.763647079467773
19.82604217529297
19.918716430664062
20.037511825561523
20.181011199951172
20.351030349731445
20.54662322998047
20.756406784057617
20.993118286132812
21.248849868774414
21.522441864013672
21.817121505737305
22.126707077026367
22.456106185913086
22.800615310668945
23.161909103393555
23.536893844604492
23.928190231323242
24.333282470703125
24.757064819335938
25.194753646850586
25.64677619934082
26.119298934936523
26.609844207763672
27.113901138305664
27.645130157470703
28.195838928222656
28.777589797973633
29.38791847229004
30.03150177001953
30.721940994262695
31.46039581298828
32.25911331176758
33.1356315612793
34.10611343383789
35.1957893371582
36.45170211791992
37.923091888427734
39.69976043701172
41.94574737548828
44.936405181884766
49.32963943481445
57.036285400390625
91.70977020263672
