209317.30125284195
4.956468105316162
4.769577980041504
4.5981574058532715
4.429693222045898
4.272395610809326
4.125328540802002
3.9802207946777344
3.846895456314087
3.7150111198425293
3.593775510787964
3.473560333251953
3.360912322998047
3.2552361488342285
3.150094509124756
3.053353786468506
2.9569003582000732
2.868130683898926
2.77944278717041
2.697802782058716
2.616079330444336
2.539252996444702
2.466967821121216
2.394404649734497
2.3275890350341797
2.260399341583252
2.1985280513763428
2.136202335357666
2.077509641647339
2.0222010612487793
1.966347336769104
1.9149178266525269
1.8629014492034912
1.815008521080017
1.7664927244186401
1.7218271493911743
1.6765154600143433
1.6337810754776
1.5934518575668335
1.5524532794952393
1.5147182941436768
1.476304292678833
1.4409551620483398
1.4049203395843506
1.3709068298339844
1.33878493309021
1.3059781789779663
1.2758008241653442
1.2449427843093872
1.2165645360946655
1.1875101327896118
