4.949730597436428
0.06707999110221863
0.06656896322965622
0.06635403633117676
0.06645357608795166
0.06687568873167038
0.06768985837697983
0.06886939704418182
0.07046005129814148
0.0724952444434166
0.07489018142223358
0.07774432003498077
0.08103403449058533
0.08480612933635712
0.08895532041788101
0.09360870718955994
0.09876593947410583
0.10443267971277237
0.11060364544391632
0.1174154132604599
0.12483365833759308
0.1330248862504959
0.14196117222309113
0.15178142488002777
0.1626381278038025
0.17473188042640686
0.18798968195915222
0.20285069942474365
0.21952131390571594
0.23825940489768982
0.2593299150466919
0.28340157866477966
0.3108285069465637
0.342567503452301
0.37924861907958984
0.4221559166908264
0.4729389548301697
0.5337247848510742
0.6073004007339478
0.6974049806594849
0.8104132413864136
0.9543857574462891
1.1434404850006104
1.398385763168335
1.7568905353546143
2.2889204025268555
3.139738082885742
4.649634838104248
7.86716365814209
17.77105140686035
290.12396240234375
