1402.2118245512247
0.18983685970306396
0.18313589692115784
0.17775343358516693
0.17170125246047974
0.16697296500205994
0.1617518961429596
0.15648283064365387
0.15228219330310822
0.14748311042785645
0.14372360706329346
0.1392005980014801
0.13570742309093475
0.1316509246826172
0.12851202487945557
0.12466341257095337
0.12172763049602509
0.11826299130916595
0.11554240435361862
0.11238327622413635
0.10981909185647964
0.10683256387710571
0.10451432317495346
0.10171696543693542
0.09965083003044128
0.09698998183012009
0.09499917924404144
0.09282165765762329
0.09051880240440369
0.08870264142751694
0.08647583425045013
0.08482754230499268
0.08274991810321808
0.08127685636281967
0.07925767451524734
0.07782173901796341
0.07598244398832321
0.07465007901191711
0.07295197248458862
0.07164588570594788
0.07000857591629028
0.0688387081027031
0.06728092581033707
0.06621625274419785
0.0647076964378357
0.06367558985948563
0.06246460974216461
0.06115256994962692
0.06016173213720322
0.05887877941131592
0.057990912348032
