0.3681271846871823
0.016089729964733124
0.01678270846605301
0.017525874078273773
0.018295329064130783
0.01912142150104046
0.020009823143482208
0.020933831110596657
0.02192888967692852
0.023002440109848976
0.024124756455421448
0.02533770352602005
0.02663721889257431
0.028046539053320885
0.029531558975577354
0.0311458520591259
0.032904889434576035
0.0347713828086853
0.036811280995607376
0.03904692828655243
0.04143843427300453
0.04406939446926117
0.04697316139936447
0.05010943487286568
0.05358791723847389
0.05746102333068848
0.06169319897890091
0.06643583625555038
0.07177622616291046
0.07769642770290375
0.08442047983407974
0.09210436791181564
0.10078200697898865
0.11081711947917938
0.12251754105091095
0.13606423139572144
0.15213260054588318
0.17141512036323547
0.1945456862449646
0.22304779291152954
0.2588064968585968
0.304135799407959
0.36363252997398376
0.44426947832107544
0.5571586489677429
0.7249608635902405
0.9936277866363525
1.4711731672286987
2.493055820465088
5.676490306854248
144.0355682373047
