18351.868303775787
6.384566783905029
6.633786201477051
6.873371601104736
7.10553503036499
7.325799465179443
7.532302379608154
7.723714351654053
7.899178981781006
8.059052467346191
8.204176902770996
8.331245422363281
8.44516372680664
8.54525375366211
8.633570671081543
8.710246086120605
8.776813507080078
8.835694313049316
8.884617805480957
8.928733825683594
8.967373847961426
9.001371383666992
9.032421112060547
9.060797691345215
9.088362693786621
9.114202499389648
9.139719009399414
9.166557312011719
9.194378852844238
9.223771095275879
9.256231307983398
9.291604042053223
9.330709457397461
9.372664451599121
9.419271469116211
9.472249031066895
9.531637191772461
9.598047256469727
9.67260456085205
9.75833511352539
9.85364055633545
9.964654922485352
10.09323787689209
10.244157791137695
10.424625396728516
10.645211219787598
10.924847602844238
11.297420501708984
11.840731620788574
12.79413890838623
12.505166053771973
