4.58160338178277
0.050990257412195206
0.04978625476360321
0.048828162252902985
0.04815824702382088
0.04775426909327507
0.04768003523349762
0.047935567796230316
0.04853115975856781
0.04949280247092247
0.05076542869210243
0.052406616508960724
0.05439681187272072
0.05675958842039108
0.05942376330494881
0.062462855130434036
0.0658610463142395
0.06966129690408707
0.07379236817359924
0.07836848497390747
0.08339522033929825
0.08895549178123474
0.09498801082372665
0.1016719862818718
0.1090502142906189
0.11727085709571838
0.12629647552967072
0.13641485571861267
0.14774508774280548
0.16056297719478607
0.17490942776203156
0.19129720330238342
0.21004651486873627
0.23175038397312164
0.2567310929298401
0.286091685295105
0.3208063542842865
0.36230969429016113
0.41275468468666077
0.4743571877479553
0.5516067147254944
0.6502499580383301
0.779807984828949
0.9541162848472595
1.1997319459915161
1.5639595985412598
2.1461102962493896
3.1784615516662598
5.374107837677002
12.094561576843262
146.08837890625
