96510.37306785583
23.206655502319336
23.171329498291016
23.189592361450195
23.26340103149414
23.373441696166992
23.538949966430664
23.748003005981445
24.002338409423828
24.30083656311035
24.637981414794922
25.017868041992188
25.438190460205078
25.88681983947754
26.377826690673828
26.899560928344727
27.455480575561523
28.04427146911621
28.658695220947266
29.302711486816406
29.978801727294922
30.66716957092285
31.386512756347656
32.121891021728516
32.87836837768555
33.6543083190918
34.44016647338867
35.24468994140625
36.05691909790039
36.875572204589844
37.704254150390625
38.54133224487305
39.375328063964844
40.21746826171875
41.052757263183594
41.89247131347656
42.728275299072266
43.555946350097656
44.383384704589844
45.21135330200195
46.02928924560547
46.851619720458984
47.68334197998047
48.5208625793457
49.38783645629883
50.29299545288086
51.28269958496094
52.423667907714844
53.846458435058594
55.97820281982422
59.19785690307617
