186543.2982378006
14.004717826843262
13.63302993774414
13.174403190612793
12.78926944732666
12.421913146972656
12.071208000183105
11.781862258911133
11.414463996887207
11.107884407043457
10.814276695251465
10.532893180847168
10.30307674407959
10.003050804138184
9.754382133483887
9.515438079833984
9.285689353942871
9.100048065185547
8.851049423217773
8.646142959594727
8.448657035827637
8.258255958557129
8.106147766113281
7.896628379821777
7.725472450256348
7.560128688812256
7.4003095626831055
7.274116516113281
7.095705509185791
6.95105504989624
6.811004161834717
6.675354480743408
6.569534778594971
6.416031360626221
6.292510509490967
6.172698497772217
6.056434154510498
5.966852188110352
5.833561897277832
5.7271342277526855
5.623720169067383
5.544838905334473
5.425097465515137
5.330063819885254
5.237611770629883
5.147644996643066
5.079900741577148
4.9744720458984375
4.891437530517578
4.810547351837158
4.731724739074707
