0.014041700360394316
8.019454980967566e-05
8.327731484314427e-05
8.65495894686319e-05
8.990252536023036e-05
9.37172444537282e-05
9.76534720393829e-05
0.00010185396240558475
0.00010633854253683239
0.00011099137191195041
0.00011627287312876433
0.00012179233453935012
0.00012772333866450936
0.00013411483087111264
0.00014082602865528315
0.00014845700934529305
0.00015653234731871635
0.00016530627908650786
0.00017463038966525346
0.00018525909399613738
0.0001966503041330725
0.00020915328059345484
0.00022290054766926914
0.00023779179900884628
0.00025486183585599065
0.0002735390153247863
0.00029436012846417725
0.0003176960744895041
0.00034353474620729685
0.000373587419744581
0.00040729803731665015
0.00044585613068193197
0.0004896366153843701
0.0005415182677097619
0.0006014683749526739
0.0006721167010255158
0.0007561021484434605
0.0008562695584259927
0.0009801508858799934
0.0011324365623295307
0.0013240247499197721
0.0015703984536230564
0.0018931881058961153
0.0023367363028228283
0.0029626786708831787
0.0038984387647360563
0.005398285575211048
0.008105230517685413
0.013930168934166431
0.032252274453639984
3.0718271732330322
