145.5016929502599
0.0022931082639843225
0.0022146098781377077
0.002140200696885586
0.0020695871207863092
0.001999161671847105
0.0019388103391975164
0.001878082868643105
0.0018202235223725438
0.001765046501532197
0.0017123823054134846
0.001662076567299664
0.0016141063533723354
0.0015679685166105628
0.0015239169588312507
0.0014817119808867574
0.001441247295588255
0.0014024272095412016
0.0013651610352098942
0.0013293642550706863
0.0012949593365192413
0.00126187305431813
0.0012300396338105202
0.001199388992972672
0.0011678196024149656
0.001141464221291244
0.0011141070863232017
0.0010875702137127519
0.0010620348621159792
0.0010373808909207582
0.001013567904010415
0.0009905572514981031
0.0009683130774646997
0.0009468009229749441
0.0009259890066459775
0.0009058468858711421
0.0008863459224812686
0.0008674589334987104
0.0008491597836837173
0.0008314248989336193
0.0008142780279740691
0.0007975533953867853
0.0007799598970450461
0.0007657026872038841
0.0007504622335545719
0.0007356635178439319
0.0007212893688119948
0.0007073237793520093
0.0006937513826414943
0.0006805576849728823
0.0006677283672615886
