7.201160059366885e-05
5.883527137484634e-06
6.386667791957734e-06
6.938801561773289e-06
7.5420207394927274e-06
8.205177437048405e-06
8.931146112445276e-06
9.730859346746001e-06
1.0608269803924486e-05
1.1576949873415288e-05
1.264232923858799e-05
1.3821433640259784e-05
1.5121732758416329e-05
1.6564763427595608e-05
1.816085205064155e-05
1.9937629986088723e-05
2.190949089708738e-05
2.4112068786052987e-05
2.6565770895103924e-05
2.9317270673345774e-05
3.239561920054257e-05
3.5862947697751224e-05
3.976128937210888e-05
4.417466698214412e-05
4.916469333693385e-05
5.4847780120326206e-05
6.131578993517905e-05
6.873362144688144e-05
7.724177703494206e-05
8.708077075425535e-05
9.847115143202245e-05
0.00011177551641594619
0.00012735241034533828
0.00014577213732991368
0.00016764141037128866
0.00019390469242352992
0.00022564470418728888
0.000264529837295413
0.00031262740958482027
0.00037314454675652087
0.0004504048265516758
0.0005513140349648893
0.0006861437577754259
0.0008723587961867452
0.0011394895846024156
0.0015441325958818197
0.0022027778904885054
0.0034002426546067
0.006009098142385483
0.014306553639471531
1.5805870294570923
