0.013969689083751291
7.431102130794898e-05
7.689064659643918e-05
7.96107851783745e-05
8.236050780396909e-05
8.55120670166798e-05
8.872232865542173e-05
9.212310396833345e-05
9.57302690949291e-05
9.941442112904042e-05
0.00010363054752815515
0.00010797090362757444
0.00011260160681558773
0.00011755006562452763
0.0001226651802426204
0.0001285193720832467
0.00013462285278365016
0.00014119420666247606
0.00014806461695116013
0.00015594183059874922
0.00016425468493252993
0.00017329033289570361
0.00018313925829716027
0.00019361713202670217
0.00020569715707097203
0.00021869124611839652
0.0002330443385289982
0.00024896246031858027
0.0002662929764483124
0.00028650666354224086
0.0003088268858846277
0.00033408059971407056
0.0003622841904871166
0.0003957461449317634
0.00043382696458138525
0.00047821199405007064
0.000530457473360002
0.0005917397211305797
0.0006675235345028341
0.0007592920446768403
0.0008736199815757573
0.001019084476865828
0.0012070443481206894
0.0014643773902207613
0.001823189202696085
0.0023543061688542366
0.0031955079175531864
0.00470498763024807
0.007921070791780949
0.01794571988284588
1.49124014377594
