42028.223726511
1.4569200277328491
1.4677422046661377
1.4812774658203125
1.497368574142456
1.5162625312805176
1.5371859073638916
1.5602434873580933
1.585489273071289
1.612481713294983
1.6410925388336182
1.6714459657669067
1.703155517578125
1.7362985610961914
1.7703553438186646
1.8057676553726196
1.8421088457107544
1.8793034553527832
1.917437195777893
1.9562757015228271
1.9957295656204224
2.0360910892486572
2.076678514480591
2.1179232597351074
2.1597914695739746
2.202134847640991
2.24497652053833
2.288444995880127
2.3325042724609375
2.3774375915527344
2.4227254390716553
2.4691808223724365
2.5166778564453125
2.5654296875
2.615786552429199
2.6679956912994385
2.722682476043701
2.7798233032226562
2.8406381607055664
2.905787229537964
2.9764564037323
3.054094076156616
3.1407711505889893
3.2394845485687256
3.354797124862671
3.4927003383636475
3.6654164791107178
3.8941574096679688
4.22623348236084
4.804383277893066
6.594230651855469
